-1.65848	3.2588153	296.49409779333297
-1.65567	3.3099678	299.91710567251937
-2.21584	3.3607795	251.67066982701678
-2.39423	3.428741	243.2085111840837
-2.43367	3.5121465	244.31481710796086
-2.36844	3.610548	252.44413681275245
-2.39984	3.723946	255.1747481213103
-5.30796	3.8469992	172.47602972403155
-5.73289	3.9718723	169.28219868645604
-5.82132	4.0948896	170.34298196301452
-5.77753	4.2097044	172.8633824732331
-5.68325	4.317465	175.96824603883044
-5.45802	4.417109	180.92878588343584
-4.90352	4.6144094	194.10400832329535
-4.70354	4.6691847	199.26958918852503
-4.50415	4.7190843	204.7719181904251
-4.28989	4.767429	211.1317325939685
-3.93523	4.856882	223.42054500331434
-3.79787	4.8974414	228.95232664137635
-3.34913	4.9697714	248.3899183535248
-2.42539	5.028956	307.34626956548834
-0.60656	5.073222	936.3924410114865
0.653258	5.0914106	-679.387411379954
1.96123	5.1227617	-161.2014716760708
1.31643	5.136199	-290.1611923917517
0.379121	5.160427	-1261.155725211242
0.317474	5.1711674	-1528.8475178969384
0.240527	5.1814713	-2054.2159976022044
0.216504	5.1914196	-2297.840073500945
0.250806	5.2100935	-1977.3400828194794
0.343996	5.244856	-1424.6851703127288
0.372361	5.260905	-1312.85058012566
0.282066	5.2681723	-1767.7091939998504
0.504596	5.2745924	-945.3100481991128
0.587143	5.2808533	-799.415184315716
0.602398	5.286766	-777.620161793908
0.660535	5.2923574	-701.2229088450052
0.769366	5.297495	-588.5532336211692
0.815887	5.3020387	-549.8496527548466
0.375493	5.3090696	-1313.893125844977
0.408468	5.3114643	-1200.3378396125702
0.365946	5.3130183	-1351.8586281904795
0.465905	5.3137016	-1040.5117628674093
0.574369	5.3134418	-825.0920035494903
0.608028	5.3121963	-773.6762716893816
0.35335	5.309905	-1402.7323334901255
0.340199	5.3065195	-1459.8281026394318
0.350554	5.302013	-1412.4668611808233
0.252603	5.2963557	-1996.7113538895344
0.426893	5.2895164	-1139.0730843962
-1.00926	3.2202406	419.06946929628066
0.416732	3.2640066	-683.2387365243708
0.866084	3.295367	-280.49048352022555
0.671048	3.3293352	-396.13967167561543
0.664109	3.3802366	-408.98823360468145
0.683704	3.4454255	-403.9352608614159
0.761156	3.5239534	-362.97385474279366
0.403835	3.723029	-821.918320965482
-0.706554	3.8446345	644.1388056985616
-1.32737	4.0893893	408.08209443072417
-1.46365	4.2035456	387.19607596881116
-1.51912	4.3103085	383.73721347889267
-1.58453	4.4094877	378.2836308844695
-1.62986	4.502427	376.2462335223804
-1.62334	4.5659523	381.26901267135685
-1.60097	4.6240187	388.8260755284287
-1.55003	4.680311	401.94970326690196
-1.49184	4.731757	417.17590553840074
-1.42857	4.7815304	434.7074371100645
-1.39288	4.8291197	446.70034826148265
-1.30278	4.916737	477.40348159049296
-1.1075	4.9928226	550.8192288735567
-1.20467	5.0545087	519.5762230166848
-1.27963	5.0791416	496.92267246886945
-1.40643	5.100928	462.686203327855
-1.46528	5.1201763	449.4332905400898
-0.94624	5.1376996	642.9594502091397
-0.658689	5.153516	882.3898141773644
-0.509551	5.1680045	1114.2271700499493
-0.213956	5.181691	2521.848926310722
-0.186606	5.1941376	2883.478218373563
-0.13432	5.2059956	3975.81530104682
0.158457	5.2174425	-3192.655316705519
0.117576	5.2281914	-4346.648227363102
0.104124	5.248831	-4940.942164550896
0.338901	5.2587657	-1451.7114035796624
0.12596	5.2683506	-4082.5582959394574
0.0623583	5.2778034	-8363.674036821041
0.153123	5.287094	-3352.841183618659
0.234458	5.2960606	-2158.852589357839
0.0297144	5.304781	-17752.558977588695
-0.0226381	5.313264	23570.451524498185
0.0636426	5.3214273	-8261.42387612218
0.021913	5.329125	-24219.46793611806
-0.109984	5.336438	4952.012975650739
-0.156266	5.3431044	3519.236711480319
-0.148197	5.348591	3709.1089568452817
-0.0680824	5.353698	7963.556126075402
0.267663	5.3623543	-1903.3976448791263
0.191309	5.3657575	-2704.7595012824677
0.0172485	5.3684535	-31024.17502482123
-0.0461924	5.370325	11725.992239475896
0.00047308	5.371418	-1135314.3201513635
0.111965	5.3705053	-4696.59279591112
0.242719	5.368551	-2111.8378526915394
0.0812848	5.3654885	-6500.850854103457
0.0313663	5.361294	-16992.528516322247
0.897291	3.2667813	-264.0715634900786
3.73778	3.2934697	11.887013562082352
3.6164	3.3119075	8.419767539907784
3.60409	3.3915925	5.8960090956666384
3.59375	3.4531274	3.912977135699728
3.62472	3.6174445	0.20072119131934127
3.19946	3.7280896	-16.522461181140173
2.69935	3.848446	-42.56934903565172
2.36313	3.9723175	-68.09558938812226
2.09129	4.0954437	-95.83337228521533
1.8598	4.211355	-126.44130397452544
1.54238	4.4157853	-186.29685956269316
1.37394	4.508342	-228.13236522601645
1.03763	4.631672	-346.37028189954106
0.610967	4.790799	-684.1338591703189
0.485478	4.839004	-896.750417543
0.336255	4.8848	-1352.706932275775
0.126009	4.9278927	-3810.7465409603064
-0.0734294	5.0051985	6916.34166290651
-0.24165	5.0393677	2185.3994519406565
-1.26281	5.094022	503.3878090680282
-2.33849	5.1163864	318.7901762765516
-3.47142	5.1359825	247.95048361659542
-4.14667	5.1539116	224.29036508717547
-4.60344	5.1700864	212.3091991983106
-3.91863	5.1851854	232.32138136429802
-2.95872	5.212121	276.16135704679806
-2.84597	5.2243824	283.5712531843584
-2.56582	5.247676	304.5223632525661
-2.38847	5.258572	320.1648956989186
-2.19661	5.2799244	340.36694977342415
-1.95368	5.2901683	370.7796661300353
-1.68021	5.3003416	415.4571002005517
-1.62422	5.310362	426.9484243789608
-1.43696	5.3201094	470.23366501041056
-1.00453	5.3297386	630.5704027053353
-1.07395	5.339135	597.1492780620507
-1.21745	5.3482265	539.2974304276308
-1.17148	5.357061	557.2900043817668
-0.895978	5.3655224	698.8453444967063
-0.983169	5.373567	646.5557863280751
-0.915502	5.3882227	688.5538955342189
-0.758718	5.4002337	811.7576817226818
-0.65211	5.405154	928.8715873641183
-0.650792	5.409463	931.2122806860077
-0.756092	5.415925	816.3050263856413
-0.480671	5.417948	1227.1634524468955
-0.476514	5.4192095	1237.261276501319
-0.448324	5.41833	1308.5747055973318
-0.475286	5.416362	1239.6005204931644
-0.556046	5.4132643	1073.5281229177617
3.17982	3.2814608	-3.1964293372818084
6.70957	3.3245873	50.450067898572584
6.7977	3.399489	49.99060032365751
6.54849	3.5300817	46.09319517352829
6.43812	3.7329073	42.018673774503924
6.33205	3.9806838	37.13435775201816
6.28836	4.1033993	34.74611505752315
6.10788	4.217621	30.947877662168608
5.4245	4.3216257	20.33135369801743
5.07117	4.419922	12.84216457072835
4.49987	4.576392	-1.700545867180479
4.20784	4.6913757	-11.491306003299911
3.91106	4.743307	-21.279320660746425
3.65418	4.7935433	-31.17972495393998
3.14067	4.887561	-55.62159505197213
2.84537	4.9306936	-73.28830810768281
2.49097	4.970946	-99.55864751574123
1.83828	5.008232	-172.44120693020574
1.39087	5.0733995	-264.7644650769409
0.828444	5.099128	-515.5066298371162
0.356642	5.141502	-1341.642193647154
-0.952361	5.159477	641.7564788909928
-2.7456	5.175791	288.51218591091725
-6.03962	5.2046328	186.17484713604554
-6.82757	5.229908	176.59984473181876
-7.58645	5.2417617	169.0937344260088
-8.07745	5.2640443	165.16962580078444
-6.62789	5.285226	179.74221445034794
-6.42908	5.2956257	182.3698830758514
-5.23891	5.315876	201.46912779172735
-4.95747	5.325793	207.42964409024208
-4.83374	5.3355947	210.38231097530178
-4.72814	5.354721	213.25217121900903
-4.48496	5.364014	219.6000422299677
-4.32081	5.3817677	224.55460776182917
-4.22584	5.3901777	227.55281995082726
-3.87788	5.39821	239.20519436572056
-3.38595	5.405798	259.653799290564
-2.93559	5.4128942	284.3886223044928
-2.75616	5.4194374	296.62998987990926
-2.62032	5.4305954	307.24932325146113
-2.47074	5.435231	319.98394292791636
-2.45438	5.442321	321.7391253666065
-2.4901	5.4459896	318.70566693437416
-2.39666	5.446364	327.2480852929388
-1.98961	3.2633152	264.01782426400194
-1.87538	3.2793539	274.8634170167637
-1.86376	3.2933974	276.7071638146563
9.69127	3.5335069	63.53927900057006
9.87882	3.8590903	60.935717379044114
9.24541	4.2191916	54.364473106700025
9.11649	4.322713	52.58358506812139
9.02424	4.513322	49.98667913822003
8.97395	4.633748	48.364456508374346
8.80707	4.74158	46.16166183823464
8.15533	4.791575	41.246091467409805
7.75918	4.8853645	37.03761880706826
7.39054	4.9687443	32.76886133801696
6.63127	5.0060816	24.507950473945048
4.62265	5.1216154	-10.793922264400067
3.63588	5.1417303	-41.41639211996654
2.56315	5.159853	-101.30905816682372
1.91969	5.191039	-170.41027099218698
-0.452394	5.204916	1250.527173437584
-2.2277	5.2178054	334.22387030508736
-3.67009	5.2300816	242.5055346509524
-5.07408	5.252987	203.52588924640148
-6.34277	5.2639065	182.99064792437508
-8.17209	5.2745056	164.5429246181931
-8.66175	5.295177	161.13287273343042
-9.05402	5.3053374	158.59649026715041
-9.04611	5.3152514	158.75731403208295
-7.16221	5.325135	174.35044160071178
-6.7745	5.3348427	178.74887838213363
-6.41125	5.344443	183.3603934619556
-5.75249	5.353886	193.07076698426025
-5.16843	5.3631754	203.76797343440802
-5.12568	5.372263	204.81073704128536
-5.14635	5.3811417	204.56229677194113
-4.8175	5.389767	211.8789313700939
-4.63578	5.398108	216.4444423872408
-4.74819	5.406107	213.8561648320351
-4.6399	5.413739	216.67792328018402
-4.26124	5.4209404	227.2150921370725
-4.14573	5.427659	230.9216714633367
-4.06167	5.4338245	233.78303131778708
-3.44626	5.4393864	257.83448966153617
-3.10208	5.44429	275.50450704773095
-3.03657	5.4484367	279.42731867611764
-2.9437	5.451771	285.2012910579955
-2.78369	5.454502	295.9450109895456
-2.66339	5.456436	304.86810257247583
-2.51704	5.4574103	316.818567292882
-33.5227	3.2158804	109.59314502248863
-33.0497	3.3207917	110.04787632559041
-22.4581	3.484962	115.51761975358299
-20.5186	3.7115335	118.08862451076703
-18.6577	3.9636812	121.24420671093297
-17.0782	4.191536	124.54319600576062
-15.199	4.516642	129.7167080988024
-13.5112	4.62068	134.1988859024021
-12.5058	4.7126493	137.68370115124497
-11.392	4.7959604	142.09937935827566
-8.79391	4.927905	156.03770186213484
-6.45218	4.97596	177.12059874651194
-2.98284	5.0139027	268.09156915332807
0.0476159	5.0439005	-10492.89085821742
1.84335	5.0680676	-174.93788616426636
2.71758	5.0861864	-87.15865804168092
1.43298	5.108357	-256.4848806313971
1.01967	5.122386	-402.35722639745643
1.38515	5.1436405	-271.3417812156826
1.53513	5.1577377	-235.9805131451472
1.3361	5.17124	-287.03987743061464
1.56137	5.1834927	-231.9836252428953
1.25571	5.193745	-313.6102279369401
1.17368	5.201272	-343.1593246120249
1.09968	5.2053747	-373.35360914683747
1.02517	5.2054234	-407.7619939837779
0.892276	5.2008476	-482.87434250593543
0.919926	5.191251	-464.3117698127039
0.790743	5.176362	-554.6200472680516
0.74397	3.1730285	-326.499539928111
-20.5516	3.2032042	115.58615036700378
-35.7032	3.2329793	109.05515108906786
-26.4992	3.3207917	112.53166564134588
-22.4581	3.484962	115.51761975358299
-20.5186	3.7115335	118.08862451076703
-18.6577	3.9636812	121.24420671093297
-17.0782	4.191536	124.54319600576062
-15.8091	4.380104	127.70622601389162
-14.0224	4.62068	132.9521329267921
-12.5058	4.7126493	137.68370115124497
-11.392	4.7959604	142.09937935827566
-8.79391	4.927905	156.03770186213484
-6.45218	4.97596	177.12059874651194
-2.98284	5.0139027	268.09156915332807
0.0476159	5.0439005	-10492.89085821742
1.84335	5.0680676	-174.93788616426636
2.71758	5.0861864	-87.15865804168092
1.43298	5.101269	-255.99023418506084
1.01967	5.122386	-402.35722639745643
1.38515	5.136536	-270.8288839087463
1.24414	5.164606	-315.11452529141906
1.35085	5.1775746	-283.2827159721388
1.33889	5.188908	-287.5529841588194
1.18113	5.1978893	-340.0776561492453
1.13063	5.2053747	-360.3959423103931
1.02517	5.2054234	-407.7619939837779
0.892276	5.2008476	-482.87434250593543
0.919926	5.191251	-464.3117698127039
0.790743	5.176362	-554.6200472680516
0.74397	3.1557963	-324.1832932815083
-33.0497	3.484962	110.54461094988436
-20.5186	3.7115335	118.08862451076703
-18.6577	3.9636812	121.24420671093297
-17.0782	4.191536	124.54319600576062
-15.8091	4.380104	127.70622601389162
-14.5609	4.516642	131.01897340945663
-13.0157	4.667535	135.860804306815
-11.9764	4.7555737	139.70786817119634
-9.58112	4.8995204	151.1372481568764
-6.45218	4.97596	177.12059874651194
-2.98284	5.0139027	268.09156915332807
1.0343	5.056589	-388.89001199469317
2.42691	5.077737	-109.22642432144458
1.78435	5.0939455	-185.47905484776305
1.3814	5.108357	-269.79563295654486
1.01967	5.1294394	-403.04895756319087
1.21795	5.1436405	-322.3195282720158
1.53513	5.1577377	-235.9805131451472
1.35085	5.1775746	-283.2827159721388
1.33889	5.188908	-287.5529841588194
1.18113	5.1978893	-340.0776561492453
1.13063	5.2037954	-360.2562604829904
1.11058	5.205943	-368.75896017912845
0.961906	5.203747	-440.9828787208907
0.924774	5.1967	-461.9426981386495
0.880066	5.184477	-489.1009360817232
0.761721	5.166918	-578.3215350640453
-33.5227	3.2158804	109.59314502248863
-33.0497	3.2671025	109.88541838719146
-23.3746	3.3939993	114.52003105339183
-19.5808	3.8380995	119.60134728517828
-17.8218	4.083102	122.9107224118438
-16.4204	4.2900157	126.12613585822031
-15.199	4.462844	129.36274616533396
-14.0224	4.5695324	132.5873775261923
-13.0157	4.667535	135.860804306815
-11.9764	4.7555737	139.70786817119634
-9.58112	4.8995204	151.1372481568764
-7.75892	4.953328	163.8404253782733
-4.62839	4.996068	207.94398603730698
-1.46864	5.029758	442.47725519273985
1.0343	5.056589	-388.89001199469317
2.42691	5.077737	-109.22642432144458
1.78435	5.0939455	-185.47905484776305
1.3814	5.108357	-269.79563295654486
1.01967	5.122386	-402.35722639745643
1.38515	5.136536	-270.8288839087463
1.24414	5.1577377	-314.5624682667339
1.35085	5.1834927	-283.7208124322534
1.25571	5.193745	-313.6102279369401
1.17368	5.201272	-343.1593246120249
1.09968	5.2053747	-373.35360914683747
1.02517	5.2054234	-407.7619939837779
0.892276	5.2008476	-482.87434250593543
0.919926	5.184477	-463.5754118056626
0.761721	5.166918	-578.3215350640453
-33.5227	3.2158804	109.59314502248863
-33.0497	3.2671025	109.88541838719146
-23.3746	3.3939993	114.52003105339183
-19.5808	3.8380995	119.60134728517828
-17.8218	4.083102	122.9107224118438
-16.4204	4.2900157	126.12613585822031
-15.199	4.462844	129.36274616533396
-14.0224	4.5695324	132.5873775261923
-13.0157	4.667535	135.860804306815
-11.9764	4.7555737	139.70786817119634
-8.79391	4.927905	156.03770186213484
-6.45218	4.97596	177.12059874651194
-2.98284	5.0139027	268.09156915332807
0.0476159	5.0439005	-10492.89085821742
1.84335	5.0680676	-174.93788616426636
2.71758	5.0861864	-87.15865804168092
1.43298	5.101269	-255.99023418506084
1.01967	5.122386	-402.35722639745643
1.38515	5.136536	-270.8288839087463
1.24414	5.164606	-315.11452529141906
1.56137	5.1834927	-231.9836252428953
1.25571	5.193745	-313.6102279369401
1.13063	5.2037954	-360.2562604829904
1.11058	5.205943	-368.75896017912845
0.961906	5.203747	-440.9828787208907
0.924774	5.1967	-461.9426981386495
0.880066	5.176362	-488.1788671726767
0.74397	3.1557963	-324.1832932815083
-33.0497	3.3207917	110.04787632559041
-22.4581	3.484962	115.51761975358299
-20.5186	3.8380995	118.7054689237135
-17.8218	4.083102	122.9107224118438
-16.4204	4.2900157	126.12613585822031
-15.199	4.462844	129.36274616533396
-14.0224	4.5695324	132.5873775261923
-12.5058	4.7126493	137.68370115124497
-11.392	4.7959604	142.09937935827566
-7.75892	4.953328	163.8404253782733
-4.62839	4.996068	207.94398603730698
-1.46864	5.029758	442.47725519273985
1.0343	5.0680676	-389.9997890814983
2.71758	5.0939455	-87.44417287509069
1.01967	5.122386	-402.35722639745643
1.38515	5.136536	-270.8288839087463
1.24414	5.1507263	-313.99891324792173
1.44816	5.164606	-256.632263605829
1.35085	5.1775746	-283.2827159721388
1.33889	5.188908	-287.5529841588194
1.13063	5.2037954	-360.2562604829904
1.11058	5.205943	-368.75896017912845
0.961906	5.203747	-440.9828787208907
0.924774	5.1967	-461.9426981386495
0.880066	5.184477	-489.1009360817232
0.761721	5.166918	-578.3215350640453
-20.5516	3.2032042	115.58615036700378
-35.7032	3.2329793	109.05515108906786
-26.4992	3.3207917	112.53166564134588
-22.4581	3.484962	115.51761975358299
-20.5186	3.7115335	118.08862451076703
-18.6577	3.9636812	121.24420671093297
-16.4204	4.2900157	126.12613585822031
-14.5609	4.516642	131.01897340945663
-13.5112	4.62068	134.1988859024021
-11.9764	4.7555737	139.70786817119634
-7.75892	4.953328	163.8404253782733
-4.62839	4.996068	207.94398603730698
-1.46864	5.029758	442.47725519273985
1.0343	5.056589	-388.89001199469317
2.42691	5.077737	-109.22642432144458
1.78435	5.0939455	-185.47905484776305
1.3814	5.108357	-269.79563295654486
1.01967	5.122386	-402.35722639745643
1.38515	5.136536	-270.8288839087463
1.24414	5.1507263	-313.99891324792173
1.44816	5.164606	-256.632263605829
1.35085	5.1775746	-283.2827159721388
1.33889	5.188908	-287.5529841588194
1.18113	5.1978893	-340.0776561492453
1.13063	5.2037954	-360.2562604829904
1.02517	5.2054234	-407.7619939837779
0.892276	5.2008476	-482.87434250593543
0.919926	5.191251	-464.3117698127039
0.790743	5.176362	-554.6200472680516
-33.5227	3.2158804	109.59314502248863
-33.0497	3.2671025	109.88541838719146
-23.3746	3.3939993	114.52003105339183
-17.8218	4.083102	122.9107224118438
-15.8091	4.380104	127.70622601389162
-14.5609	4.516642	131.01897340945663
-13.5112	4.62068	134.1988859024021
-12.5058	4.7126493	137.68370115124497
-8.79391	4.927905	156.03770186213484
-6.45218	4.97596	177.12059874651194
-2.98284	5.0139027	268.09156915332807
0.0476159	5.0439005	-10492.89085821742
2.42691	5.077737	-109.22642432144458
1.43298	5.101269	-255.99023418506084
1.01967	5.122386	-402.35722639745643
1.38515	5.136536	-270.8288839087463
1.24414	5.1577377	-314.5624682667339
1.3361	5.17124	-287.03987743061464
1.56137	5.1834927	-231.9836252428953
1.25571	5.193745	-313.6102279369401
1.17368	5.201272	-343.1593246120249
1.11058	5.205943	-368.75896017912845
0.961906	5.203747	-440.9828787208907
0.924774	5.1967	-461.9426981386495
0.880066	5.184477	-489.1009360817232
0.761721	5.166918	-578.3215350640453
-20.5516	3.2032042	115.58615036700378
-33.0497	3.2671025	109.88541838719146
-23.3746	3.3939993	114.52003105339183
-19.5808	3.9636812	120.24268900634698
-17.0782	4.191536	124.54319600576062
-15.8091	4.380104	127.70622601389162
-14.5609	4.516642	131.01897340945663
-13.5112	4.62068	134.1988859024021
-12.5058	4.7126493	137.68370115124497
-8.79391	4.927905	156.03770186213484
-6.45218	4.97596	177.12059874651194
-2.98284	5.0139027	268.09156915332807
0.0476159	5.0439005	-10492.89085821742
1.84335	5.0680676	-174.93788616426636
2.71758	5.0861864	-87.15865804168092
1.43298	5.101269	-255.99023418506084
1.12013	5.1153755	-356.67696252931063
1.38515	5.1436405	-271.3417812156826
1.53513	5.1577377	-235.9805131451472
1.3361	5.17124	-287.03987743061464
1.56137	5.1834927	-231.9836252428953
1.25571	5.193745	-313.6102279369401
1.17368	5.201272	-343.1593246120249
1.09968	5.205943	-373.40529599392244
0.961906	5.203747	-440.9828787208907
0.924774	5.1967	-461.9426981386495
0.790743	5.176362	-554.6200472680516
0.74397	3.1557963	-324.1832932815083
-33.5227	3.2158804	109.59314502248863
-26.4992	3.3939993	112.80793003029609
-18.6577	3.9636812	121.24420671093297
-17.0782	4.191536	124.54319600576062
-15.8091	4.380104	127.70622601389162
-14.5609	4.516642	131.01897340945663
-13.0157	4.667535	135.860804306815
-11.9764	4.7555737	139.70786817119634
-9.58112	4.8995204	151.1372481568764
-7.75892	4.953328	163.8404253782733
-4.62839	4.996068	207.94398603730698
-1.46864	5.029758	442.47725519273985
1.0343	5.056589	-388.89001199469317
2.42691	5.0861864	-109.57458534552525
1.43298	5.101269	-255.99023418506084
1.12013	5.1153755	-356.67696252931063
1.34924	5.1294394	-280.1725179124502
1.21795	5.1436405	-322.3195282720158
1.44816	5.164606	-256.632263605829
1.56137	5.1834927	-231.9836252428953
1.25571	5.2037954	-314.4105955964589
1.02517	5.2054234	-407.7619939837779
0.892276	5.2008476	-482.87434250593543
0.919926	5.191251	-464.3117698127039
0.790743	5.176362	-554.6200472680516
0.74397	3.2171798	-332.4340947519758
-10.7953	3.291905	130.49386856108805
-2.44292	3.3771	238.24029417697952
-2.4651	3.7553961	252.34254397677074
-2.22696	4.341309	294.94328330021784
-2.11872	4.5239058	313.5206935060107
-2.01784	4.691531	332.50264608904615
-1.95517	4.7891345	344.94721865624706
-1.89667	4.877906	357.18262891975013
-1.67332	4.9896913	398.19110103665884
-1.5826	5.049116	419.0393189538477
-1.18621	5.097481	529.7283564663256
-0.691446	5.136445	842.8555259372
-0.854583	5.167804	704.7163792018762
-0.058483	5.2028284	8996.309107045705
0.237457	5.219351	-2098.019374389334
0.0247228	5.2334604	-21068.55988027381
0.34048	5.2462406	-1440.8366917986632
0.209431	5.258335	-2410.7721017546046
0.619856	5.269929	-750.1860193098524
-0.089396	5.2809687	6007.388106274369
0.0281076	5.295845	-18741.32738084233
0.320173	5.304078	-1556.6288812956782
0.298047	5.3127003	-1682.5041361699336
0.120877	5.3144965	-4296.6154243669625
0.241487	5.3064413	-2097.402492101959
0.27971	3.2061307	-1046.2338647553515
0.318254	3.3132682	-941.0767020213447
-0.586808	3.4332514	685.0723590287664
-1.65563	3.613624	318.26279008766363
-1.96203	3.9786875	302.784235523812
-1.98663	4.2112427	311.979218796692
-1.93785	4.4085107	327.4949396722315
-1.90593	4.611492	341.9549539970353
-1.85902	4.715618	353.6615197962883
-1.80618	4.8098645	366.30039753590046
-1.72987	4.8947144	382.95272734489726
-1.81425	4.9681444	373.8401233403018
-1.74479	5.0299025	388.2812658530718
-1.45881	5.0803804	448.2551133269077
-2.49344	5.1171184	305.2232568657552
-2.51457	5.1577644	305.1151758659037
-1.64892	5.189666	414.73119423857935
-1.21289	5.2173123	530.1554411885684
-1.00446	5.234816	621.1572461070297
-0.84738	5.251727	719.7606022842047
-0.463328	5.2680464	1237.0014796701655
-0.309539	5.290827	1809.260162683816
-0.223274	5.310007	2478.246970951366
0.0145016	5.319545	-36582.469304746126
-0.0339567	5.326889	15787.298860297029
-0.0340313	5.331414	15766.20740326876
0.056682	5.3315954	-9306.152118053093
0.0967656	5.322622	-5400.531073382816
-1.48543	3.2222605	316.9244078778944
-0.730592	3.279408	548.8699795224071
0.417459	3.426893	-720.8932865016134
-0.883764	3.6118023	508.6840177782574
-1.10115	3.980812	461.5140483241739
-1.24868	4.314576	445.5309834079052
-1.33544	4.4947257	436.5726419758905
-1.4501	4.6058106	417.62022044799875
-1.57759	4.800845	404.3151376809535
-1.81177	4.921503	371.6406149453739
-2.09889	4.9876757	337.6339754841974
-2.2897	5.04252	320.22622952116984
-4.48421	5.105755	213.86074327392288
-4.45123	5.134478	215.3496564400327
-3.48616	5.157363	247.93822192085017
-3.08215	5.1859827	268.2586250028428
-2.4882	5.203409	309.1234442353765
-2.30779	5.228652	326.56531439971576
-1.25417	5.245281	518.2273110066402
-0.979931	5.2615824	636.9339547413177
-1.00585	5.28475	625.4014106482575
-0.981748	5.2986917	639.7201675332606
-0.715171	5.316053	843.3261341468964
-0.295909	5.324456	1899.3560114161887
-0.44835	5.3310537	1289.0383691180548
-0.186974	5.32951	2950.4017377647842
-0.20787	5.3231754	2660.819388211545
-0.987108	3.220984	426.30510229984753
-4.29968	3.2606392	175.8344577730958
2.00876	3.356761	-67.10612615499653
0.825193	3.508521	-325.1758305012098
0.304305	3.7297802	-1125.6716993538496
0.019602	3.9826534	-20217.585832570614
-0.392277	4.4064083	1223.2899316793175
-0.609251	4.601411	855.2569789902418
-0.958326	4.748829	595.5337596456086
-1.18142	4.8359504	509.33371568994363
-1.43687	4.912856	441.9137634808081
-2.02715	4.9784718	345.5897294943136
-2.44172	5.0328774	306.1201704937139
-4.19239	5.077345	221.10861378747848
-6.21457	5.1127024	182.26960726616596
-5.90637	5.138356	186.99685368556038
-4.59986	5.1589994	212.1555705706235
-4.18965	5.185255	223.76342895267
-3.54559	5.2093563	246.9249389528085
-2.74611	5.2250633	290.2714529059682
-2.51268	5.240611	308.5665888347068
-1.74422	5.2557526	401.32393102097393
-2.1367	5.270239	346.65319641252944
-2.02449	5.2898026	361.290620417751
-1.22626	5.3053255	532.642830770164
-0.957186	5.3125606	655.018657548243
-0.999302	5.31746	632.1173962778099
-0.601993	5.313819	982.7044128839804
0.760234	3.273694	-330.6166476277989
4.25423	3.3543324	21.153007022039468
2.48773	3.6119945	-45.19238288812202
1.96297	3.8579547	-96.53661056396268
1.56582	4.21579	-169.23847263619095
1.0433	4.492076	-330.5641388348843
0.623111	4.700835	-654.4138033156088
0.148643	4.83397	-3152.067028207677
-0.565684	4.976456	979.7236276767661
-1.12346	5.03109	547.8209549688007
-3.14176	5.0759225	261.56302672654755
-4.40387	5.1267953	216.41567913673038
-3.01932	5.150158	270.5734215859733
-2.44477	5.169281	311.44240811171403
-2.31071	5.186271	324.4449236572697
-1.64645	5.2020216	415.9538075147067
-1.51787	5.2173147	443.7260697083819
-1.48612	5.2395825	452.56791854122713
-1.18849	5.2608366	542.6487673696212
-0.385538	5.273957	1467.9473109785647
0.119147	5.285796	-4336.365350895843
-0.403806	5.300128	1412.5431963039764
0.00591887	5.308908	-89594.61542449705
0.140622	5.310833	-3676.6726823604536
-0.00101697	5.306759	521920.5917415261
-1.85822	3.2550993	275.17298536895237
7.15289	3.3023777	53.83156170466201
6.27738	3.421455	45.4954947427271
5.06099	3.6145449	28.580278348713662
4.28936	3.8632975	9.933010503099348
3.7182	4.1119204	-10.589005211262576
3.19599	4.411914	-38.0452928074203
2.10305	4.655469	-121.36748793849469
1.57467	4.7936125	-204.4201470646906
0.980452	4.8757977	-397.301008465125
0.00573324	4.9796114	-86755.10608762692
-0.688199	5.0352726	831.6594149884684
-3.24489	5.100795	257.1946990662418
-5.00555	5.1577067	203.03976251641
-4.08502	5.176839	226.7273793532042
-3.16154	5.1933227	264.26558354687546
-2.40439	5.215434	316.9129842971705
-2.02073	5.2427874	359.4501646853611
-1.71206	5.2557864	406.9861159464691
-1.4918	5.268078	453.13566869437534
-0.756327	5.289296	799.3399038746838
-0.272142	5.3050823	2049.3802489604745
-0.0819652	5.30652	6574.1130567503515
-0.152201	5.3045073	3585.198877309616
-0.0468738	3.1962588	6918.859916757997
1.6165	3.2409048	-100.48900512787989
10.9008	4.328769	60.28943466747248
8.56145	4.5016847	47.41913270213608
6.57114	4.6100464	29.844037438213313
5.70453	4.8020816	15.81985220423921
4.78875	4.8861046	-2.0329816463380452
3.97401	4.9931755	-25.645771356557507
3.1568	5.118761	-62.15031079834198
1.48571	5.1530037	-246.83777367622776
-6.12969	5.203808	184.89512008346705
-7.89505	5.2177634	166.08905413501864
-8.53791	5.236204	161.32887163663756
-5.88373	5.247551	189.1874885931491
-4.89745	5.2584515	207.37120372648516
-3.76323	5.268877	240.00943732664155
-3.27156	5.283225	261.48946972933885
-2.60707	5.295114	303.10594280083006
-2.03877	5.300969	360.00819064318415
-1.56666	5.3055644	438.65447043953486
-0.884195	5.300955	699.5232343137011
-0.506544	3.2472258	741.0550553174845
-0.351879	3.2928908	1035.8019835522693
0.0829198	3.4132714	-4016.3527163012036
6.48523	3.610723	44.32390160577031
13.6691	3.8653646	71.72188272033455
15.2249	4.1201196	72.93827885870274
13.6585	4.3347435	68.26339942640593
12.1731	4.5138226	62.91969686678307
10.6124	4.6268754	56.4012346255918
8.66236	4.824768	44.30192280359343
7.06759	4.9890337	29.409692243410742
5.77202	5.083613	11.926621193256924
3.90518	5.133046	-31.44198679423416
1.14194	5.189352	-354.432976065964
-4.28927	5.2226934	221.7618163184107
-6.71143	5.2375402	178.03911632979842
-8.94755	5.2489214	158.66322624599428
-10.5176	5.262494	150.0351226272505
-9.35234	5.2703414	156.35318073806937
-7.38879	5.277756	171.42922784389913
-5.20329	5.2849092	201.56860876330748
-3.9383	5.295136	234.45232406209138
-2.81691	5.301326	288.19648146585473
-1.91196	5.306572	377.54618630469844
-0.94089	5.3124065	664.6150220629482
-0.424751	5.3119407	1350.601009143871
0.016088	5.3085475	-32896.93952157296
-0.164499	3.1869617	2037.374513569243
0.187488	3.2306867	-1623.14308724286
0.290467	3.2545857	-1020.4666209406395
0.160912	3.4026465	-2014.6007518366696
13.4151	3.5957623	73.19615786217031
7.10131	3.9704409	44.08861196549195
17.7777	4.200912	76.36976450638825
19.5795	4.390397	77.57656208096074
17.9863	4.5853343	74.50651383812155
14.0245	4.6908665	66.55234406885903
11.4548	4.790615	58.178098026280075
9.44317	4.9290504	47.80300833750678
4.85822	5.142267	-5.8467323608180495
2.96724	5.192644	-74.99912217316658
-4.52376	5.231105	215.6362192859037
-6.59831	5.2568774	179.67005835307836
-8.59551	5.273595	161.35290570500868
-10.7885	5.286854	149.0045314226786
-9.63021	5.2905936	154.9374643927262
-5.83603	5.2915936	190.6711162523995
-3.72025	5.2931	242.27806723964886
-1.9958	5.2953014	365.3222461567279
-1.95141	5.29811	371.50163711862723
-0.970148	5.301216	646.4337439098109
-0.692816	5.304162	865.5945649529351
0.00623889	5.3063364	-84952.57276617837
-0.0438363	5.307127	12206.694446103951
0.027238	5.3042684	-19373.78086600211
0.396137	3.2097535	-710.2634998456232
0.337856	3.2308612	-856.2834989008136
0.305034	3.2708457	-972.2888650518605
21.5069	3.809281	82.28810169735034
13.6357	4.04894	70.30632390334135
12.5646	4.3362246	65.4885586558358
28.9283	4.5127215	84.40032120239779
24.8384	4.602771	81.46913701120563
20.1846	4.68637	76.78244947528685
13.7412	4.7654915	65.3196858313242
10.975	4.8721156	55.60714858601603
8.18182	4.9602113	39.37520835130302
5.22334	5.008272	4.117439455299905
-0.112873	5.0485554	4572.774994491589
-4.02465	5.0787582	226.1913109043597
-6.26437	5.122087	181.76540510191717
-7.83354	5.1395454	165.60948772970062
-8.64174	5.1555443	159.65863788209506
-6.55267	5.1708755	178.9124901897075
-3.74362	5.1858535	238.52511928507923
-2.87774	5.2006316	280.7192905188318
-1.7039	5.2152686	406.078323561539
-1.15079	5.243472	555.6411201461518
-0.396399	5.250107	1424.4501010191534
-0.25752	5.2564588	2141.1848275250704
0.623713	5.262471	-743.7327841066772
0.581985	5.2680874	-805.1929888382816
0.552719	5.2732325	-854.053030458253
0.571814	5.277852	-823.0015342764701
0.460362	5.2818527	-1047.3259949952046
0.301224	5.2851887	-1654.5710271682133
0.382801	5.2877684	-1281.3360872642115
0.616766	5.2895265	-757.6229345967225
8.78631	3.2826953	62.638522653686906
8.78631	3.3126674	62.29740020583703
24.3476	3.3382368	86.28926166583955
21.5788	3.4380736	84.06735277287164
18.6705	3.5896797	80.77352102966691
16.0493	3.8059192	76.28606962661277
14.1979	4.180849	70.55304567022559
12.1333	4.404552	63.69864714898669
10.5861	4.661257	55.96813788418903
9.61009	4.7802234	50.258288503122486
8.64169	4.885111	43.47042405596709
7.69152	4.980777	35.24327248486031
6.73005	5.0649586	24.741145950903285
5.54453	5.136636	7.356694630298179
3.62385	5.1961784	-43.388337888627994
0.291621	5.24462	-1698.436890819655
-1.71954	5.283229	407.2466469830907
-4.26704	5.3257055	224.81029779862416
-3.14537	5.344163	269.9056852768946
-1.99009	5.3732595	370.00082364502157
-1.86161	5.382261	389.1185866680345
-1.31605	5.390422	509.5909465256162
-0.507346	5.3956814	1163.5112589467888
-0.823012	5.400696	756.211053857045
-0.658678	5.4071593	920.9108893007852
-0.305426	5.4100804	1871.3228489609496
-0.526819	5.411353	1127.1750724892165
-0.437384	5.410448	1337.0018285422111
-0.216074	5.4068613	2602.3191920323193
-0.337812	3.25894	1064.7199801677798
10.5818	3.3641937	68.20773620917855
11.6389	3.4761338	70.13348032012728
11.7419	3.6474063	68.93682930246442
11.6135	3.8772948	66.61390054572985
11.4729	4.1221266	64.07075422137339
11.7704	4.341604	63.11421688863351
10.1609	4.6631207	54.107208087943505
9.19623	4.7739396	48.08807909947852
8.31236	4.8753266	41.34846487683024
7.27164	4.96826	31.676211532607716
5.22361	5.084318	2.6665804936399926
3.05571	5.1411304	-68.24666991818486
-0.494128	5.1872373	1149.775997660822
-3.06894	5.22536	270.26596427753213
-5.12328	5.257268	202.61528511358165
-5.91262	5.2848177	189.38198562331897
-4.27516	5.308855	224.17910114815865
-3.29684	5.330026	261.6707654909633
-3.1813	5.349257	268.1468858731686
-2.72678	5.3664837	296.8066294632552
-2.50737	5.382367	314.66186261205064
-2.19863	5.396665	345.45578955255974
-1.85083	5.409601	392.2797583159017
-1.6595	5.4209304	426.660469747096
-1.31769	5.430401	512.1151915871638
-0.960378	5.4380636	666.2420265944344
-1.11574	5.4441166	587.9377595289494
-0.787778	5.4480233	791.5683177719861
-0.729202	5.4492836	847.2941142043811
-0.513216	5.4475517	1161.4539548746993
-0.522024	3.2592373	724.3462715524549
16.4737	3.359267	79.60830097338614
15.1663	3.539278	76.66353644320846
15.723	3.7481022	76.16165941640443
14.3959	4.1253004	71.34392102917518
13.2307	4.3415008	67.1861550245023
12.1185	4.528702	62.629847972419974
10.9936	4.648502	57.716290215894425
9.8422	4.7565136	51.67225355476757
8.57162	4.85529	43.35621570773014
7.25576	4.9458227	31.835912650219186
5.67949	5.0258884	11.508104356785473
3.30381	5.0948353	-54.210909966332984
-0.350629	5.148485	1568.3568693558445
-3.15607	5.1893253	264.4236377562348
-5.57794	5.221938	193.6176822489859
-7.423	5.2490864	170.7138213208974
-8.72654	5.272399	160.41797990042008
-7.52282	5.2930546	170.35997281272262
-6.48755	5.3206987	182.01399476001328
-5.27789	5.3377347	201.1338805540533
-3.7793	5.3695297	242.07735617747508
-3.29816	5.3844237	263.2553790129256
-2.7458	5.39855	296.6111879076682
-2.64806	5.417884	304.5982139360241
-2.30501	5.429059	335.53297386933457
-1.75968	5.4384317	409.0579764635364
-1.48473	5.445938	466.7965120004162
-1.43884	5.4528384	478.97460327849564
-1.00252	3.2570612	424.8874074333033
21.7123	3.3239286	84.69103258067072
21.1403	3.3955948	83.93780868789453
20.6222	3.5351853	82.85738253854153
19.0531	3.7523034	80.3060761341722
17.4498	4.0059357	77.04308613193035
15.9604	4.2385535	73.44330906663436
14.5237	4.4354124	69.46086410431327
13.1925	4.5823107	65.26579013208597
11.1328	4.7433147	57.393335912946036
9.64257	4.839574	49.81032971425977
8.00228	4.9280844	38.416498440769686
6.07017	5.0066557	17.520337085368507
2.71248	5.0744357	-87.07734557701939
-2.48815	5.154269	307.1526727000437
-5.05816	5.1909757	202.62578327314137
-7.3832	5.2199535	170.7004136545461
-9.37022	5.243655	155.96085365789116
-10.6136	5.263833	149.59517182150037
-9.8958	5.281582	153.37195651172487
-8.29598	5.297697	163.85860112569702
-7.48602	5.312722	170.9685806813823
-6.59964	5.326951	180.71578318852107
-6.33198	5.3406773	184.34449558988263
-5.48263	5.360486	197.7721686414607
-4.34163	5.3731256	223.75826710823807
-3.78482	5.385161	242.28314185238057
-3.60159	5.3963203	249.83162170300955
-3.36782	5.4062834	260.5276737138177
-2.63541	5.414561	305.4541954281236
-2.45822	5.420659	320.5115512095314
-2.17021	5.4240294	349.9310960041835
19.7128	3.2948585	83.28568702792326
28.5268	3.3171854	88.37168438979293
27.2169	3.3894162	87.54665021759006
24.7677	3.5343168	85.73013647318591
22.4471	3.75461	83.27351811939165
20.4543	4.009986	80.39538438470025
18.7075	4.2424536	77.3221784240361
16.4168	4.524557	72.4394690867375
14.9527	4.6360903	68.99496155441129
13.4361	4.7395134	64.7255275335565
12.0058	4.879792	59.35471094830929
9.34809	4.9631367	46.90747969100352
6.81028	5.0365562	26.04479760529756
3.04341	5.099642	-67.56341389145167
0.0581913	5.152721	-8754.79612573339
-2.70023	5.192194	292.2871004014362
-6.03823	5.2348223	186.69464931376126
-6.07726	5.2828584	186.9283004750592
-4.96258	5.297774	206.7544225030832
-4.24678	5.311291	225.06631658620347
-3.6028	5.3238626	247.77014298894636
-2.75626	5.3415847	293.7983106747474
-2.15612	5.352834	348.26233385301117
-1.93377	5.3636284	377.3664287170013
-1.5943	5.373908	437.0700730479339
-1.29785	5.3834505	514.79759404546
-1.15873	5.3919563	565.3332691366743
-0.78325	5.399026	789.3106894779402
-0.557758	5.40591	1069.2214456957352
-0.505285	3.2467442	742.556972310445
34.0615	3.2979956	90.31752427870568
34.6068	3.337203	90.35679701145231
31.4085	3.4452114	89.03095869946742
28.653	3.6337528	87.31807197027591
26.283	3.8897915	85.2003525144156
24.1331	4.143025	82.8326060179274
22.1315	4.3529825	80.3312856364752
20.2876	4.5299015	77.67157474537079
18.5201	4.6399536	74.94638957942365
16.5874	4.7423778	71.40975613962968
14.8032	4.837489	67.3213277946281
12.6298	4.9264345	60.99356618306382
10.0011	5.006962	49.93588675714197
3.84005	5.1092405	-33.05140703314478
0.490902	5.164706	-952.0849823499822
-2.35748	5.207697	320.9009962390731
-6.08365	5.2519217	186.32845545176374
-7.86961	5.273023	167.00489245849795
-9.19186	5.2971144	157.62831741984428
-7.29372	5.309786	172.79942866254459
-6.04668	5.3207235	187.99412371783595
-4.86574	5.330517	209.55203134083274
-4.42107	5.339615	220.7765257899991
-3.79962	5.3482714	240.75805616963197
-3.43449	5.356661	255.9667122401867
-2.10433	5.3687305	355.12777865899255
-1.79328	5.3762426	399.799403355274
-1.7105	5.383009	414.7038124810349
-1.33879	5.3886566	502.5019800838514
-0.819892	5.392748	757.738810752495
-0.926333	5.394824	682.3849424587626
42.0893	3.290559	92.18196073995666
42.1363	3.328598	92.100402524838
38.9222	3.436366	91.17118996050365
36.0928	3.6223798	89.96370664262822
33.4545	3.873754	88.42082619907922
30.9351	4.1287336	86.653560148523
25.7153	4.5274496	82.39394942510593
22.6854	4.703952	79.26441288203158
18.2537	4.804757	73.67790064069743
13.6921	4.946746	63.871531559028156
9.14353	5.032122	44.96521371267269
4.64056	5.1076956	-10.066358678005253
0.914054	5.172405	-465.87520632976987
-2.48811	5.226268	310.0497034752187
-5.50892	5.2653236	195.57815200722442
-7.75481	5.292907	168.2532174999531
-9.91795	5.312891	153.56844085477653
-11.3301	5.3271933	147.01806014256505
-12.2227	5.3376217	143.6697426662495
-11.1006	5.345227	148.15259647848598
-8.64571	5.3511705	161.89393982847847
-7.51148	5.3560615	171.30500996177486
-6.08917	5.360544	188.03407853537004
-4.61331	5.364916	216.29212019830462
-3.4234	5.369417	256.8445787176905
-3.13158	5.3740597	271.60857200783965
-2.57195	5.378729	309.13038561154815
-1.67283	5.3831606	421.7996303637607
-1.17106	5.3869905	560.0098049964153
-1.23858	5.3897653	535.1568369547454
-0.729386	5.390999	839.1146701341645
35.9328	3.247603	90.96200590090756
38.1091	3.272633	91.41246429455163
45.6119	3.2908254	92.78516162151249
48.5597	3.3598545	93.08097939029511
46.2876	3.5037231	92.43053640027041
43.8828	3.722592	91.5169694947144
41.5957	4.0961094	90.15256056389256
36.9475	4.3044167	88.34991040791115
31.2269	4.4785147	85.6581546576574
26.2021	4.589835	82.48295334642602
21.9722	4.6969776	78.6230894894434
17.9807	4.8017244	73.29511889437487
12.7522	4.9060736	61.52763035768732
7.94089	5.007123	36.945064126510296
3.90483	5.101825	-30.654222201381312
-1.44992	5.226018	460.43491097576043
-4.59448	5.292556	215.1937822945842
-7.24299	5.340191	173.72910016168245
-9.55711	5.3714414	156.20361156713722
-11.9963	5.39027	144.93277384142118
-13.0655	5.3955317	141.29602771352472
-13.2095	5.3964977	140.85316289279638
-9.91494	5.395422	154.41709225582903
-7.20906	5.393339	174.81335278412303
-4.63288	5.3902407	216.34750789791613
-3.2178	5.3887625	267.46730302255463
-2.48473	5.3890944	316.88851919065513
-1.45132	5.390443	471.41655690906157
-1.18527	5.3925476	554.9636544763956
-0.891202	5.3950014	705.3623729658756
-0.299728	5.3981504	1901.0163362517392
-0.350999	3.2204804	1017.518381547572
37.9671	3.2603087	91.41280881741676
39.3797	3.3004286	91.61895514083295
39.8883	3.4039114	91.46639131585307
43.6272	3.5812802	91.79117691266703
47.3803	3.8158994	91.94623291357703
47.8877	4.0535707	91.53525880845882
44.3701	4.2535534	90.41347289288308
35.8064	4.4179516	87.66155897559808
29.6479	4.5162096	84.7671885516492
23.8093	4.60828	80.64504086780909
17.8601	4.696538	73.70374171439995
12.9502	4.7841187	63.057569593768264
8.62803	4.869528	43.561532395026276
3.02246	4.9889345	-65.06205354593268
-0.298329	5.060114	1796.1521878552605
-3.36552	5.123047	252.22156906333473
-6.04543	5.172881	185.5667995405652
-8.42162	5.2132726	161.90344399300216
-10.8506	5.2598925	148.47558979296215
-11.9941	5.283514	144.050951261159
-12.1988	5.302127	143.46433130026975
-8.16754	5.316496	165.09299199022544
-5.73165	5.327387	192.94682150567118
-3.85769	5.3350325	238.29602928247732
-2.79043	5.3407745	291.3961075578832
-1.85354	5.345394	388.38839716965236
-1.60452	5.3494334	433.3977404678518
-0.761569	5.355193	803.1789602072723
-0.232888	5.3590817	2401.141325250503
-0.173906	5.3629684	3183.83169243419
-0.0070435	5.366618	76292.4901630003
0.113779	3.2063448	-2718.046167943114
49.2052	3.2332854	93.42897908402362
36.3802	3.247441	91.07360490375702
29.336	3.2740765	88.83939046766515
27.7002	3.4452133	87.5624962042658
32.1598	3.6443355	88.66804325580253
53.1393	3.9874592	92.49621091633693
46.6532	4.17968	91.04095747325235
38.2351	4.3351746	88.66179352459947
31.9066	4.452616	86.04484462449385
21.5249	4.5507812	78.85806132555184
16.7303	4.614011	72.42123236446781
12.396	4.675863	62.27926086085495
8.34639	4.7357783	43.2595593787078
2.76663	4.8194838	-74.20052090267852
-2.34653	4.8918753	308.4727384307757
-5.23397	4.929848	194.18945921493062
-7.48391	4.9627256	166.31194202803624
-9.6328	5.006316	151.9715568875614
-7.78929	5.0328655	164.61262937835642
-5.13815	5.05837	198.44728987529282
-3.69874	5.0831614	237.42953942466113
-2.59109	5.107706	297.12578025084883
-2.13654	5.1322494	340.21312537536414
-1.30024	5.169368	497.5702664037456
-0.193787	5.1943665	2780.4515939276384
-0.0449414	5.219393	11713.774582192356
0.0425924	5.2441807	-12212.479920512957
0.0208705	5.268326	-25142.930417811567
0.367879	5.2913456	-1338.3385946062251
0.359992	3.354559	-831.8426349414997
60.7713	3.408249	94.39168023365006
55.06	4.4829473	91.85806721501957
39.3722	4.7599	87.91050757151358
30.5471	4.94602	83.80854445930368
26.3131	5.054239	80.79192829214267
23.0777	5.1947575	77.49014183476301
20.1045	5.3051453	73.61214995652978
18.183	5.361679	70.51268266693968
15.0542	5.4396534	63.8662078735303
10.2512	5.463266	46.70608276254465
6.37849	5.4775133	14.125234372728086
1.20006	5.483634	-356.9466583979291
-2.49979	5.4850116	319.4188888588986
-4.03952	5.4836493	235.75001649651355
-3.25709	5.47571	268.1166097391259
-2.49323	5.4742746	319.56555021269696
-2.26446	5.473941	341.73271505903347
-2.52214	5.474621	317.06252477874716
-2.29661	5.4760237	338.43940228063195
-1.75737	5.477687	411.69798603815195
-1.14461	5.4790998	578.6870117067994
-1.59652	5.479664	443.22551741337367
-1.20146	5.4786353	555.998133466659
-0.803903	3.331489	514.414335193806
-1.05618	3.3573785	417.8793843708944
-0.860116	3.3883119	493.936613604436
8.33382	5.006128	39.929976550137525
15.4405	5.192487	66.37099397191125
19.0108	5.2493734	72.38741347312076
19.6934	5.298202	73.09655687600588
19.777	5.3401704	72.99807963163492
19.2927	5.4062576	71.97770306095019
18.7992	5.432024	71.10502582386002
18.4504	5.470976	70.34765612602826
16.8809	5.4845567	67.51028450182154
13.4833	5.495921	59.23905090193174
9.16947	5.509365	39.91620909493883
5.53151	5.5164948	0.27144713849510754
2.25901	5.5224023	-144.4611621666548
-0.737136	5.529809	850.1748430714097
-3.43225	5.5341234	261.23893608596893
-6.68683	5.5374126	182.81073519148384
-4.92491	5.5394144	212.4774829509449
-4.52327	3.3703532	174.51142922954233
-3.99317	3.452039	186.44858554781607
-3.42044	3.665915	207.1767168896093
-2.98518	3.8992355	230.61979024902018
-2.71543	4.1539583	252.97608579391658
-2.056	4.4754057	317.675363185365
-1.66601	4.701124	382.1786189479378
-1.62988	4.8157787	395.4683090577062
-1.3804	4.972764	460.2407986297322
26.9176	5.1806173	80.75379581685128
25.7845	5.2364035	79.69165818939729
24.8495	5.2816973	78.74525407967812
23.8285	5.3350034	77.61083269290788
22.8863	5.3630157	76.5666956579425
22.1383	5.386433	75.66916763340943
20.3289	5.406165	73.40650361346262
17.0043	5.4304624	68.06418287970477
14.2575	5.4441614	61.81545480182303
7.93431	5.4623814	31.1549285210921
4.11009	5.4735613	-33.17376459817834
0.556848	5.484345	-884.8908503730161
-3.65158	5.4949093	250.48031002158092
-6.12876	5.505293	189.82718429968673
-8.01872	5.5154095	168.7816720675214
-9.53742	5.529458	157.9764536717893
-9.1434	5.5392146	160.58156671933915
-7.70379	5.547211	172.00625971039028
-6.61588	3.3305047	150.3410643953738
-5.86644	3.356196	157.2100891373162
-5.21752	3.3994968	165.15540718445268
-4.46237	3.5668669	179.93211991791642
-4.09359	3.7803674	192.3484661404702
-3.51395	4.1561995	218.2771400898662
-3.17942	4.3710594	237.47977384197043
-2.35159	4.5605245	293.9336527198905
-2.41095	4.7404356	296.62106095602593
33.7755	5.2387667	84.4894508668072
35.4618	5.311353	85.02232334469795
32.7451	5.358062	83.63705393251647
31.0356	5.382369	82.65743864168677
28.6899	5.3951445	81.19496575203583
27.4305	5.4060507	80.29182249784827
23.1588	5.4246373	76.57634760215488
20.854	5.4333425	73.94580437265206
16.5536	5.446763	67.09620302403981
9.91823	5.456227	44.98789809786868
5.85698	5.4661293	6.673243790979988
1.92453	5.4762654	-184.55079147043432
-4.4891	5.4910364	222.31932719552384
-9.40747	5.499796	158.4620100853094
-11.7988	3.348832	128.38281857031464
-12.5183	3.3661475	126.8898095279669
-11.4462	3.4819202	130.4198784707251
-10.1464	3.7760177	137.21534706509993
-9.3116	4.0381403	143.36677277159174
-8.18634	4.3748546	153.44091332712023
-6.89833	4.6201057	166.97426882305453
-5.93532	4.733992	179.75967095751454
-5.35329	4.887466	191.29835820314548
-4.89281	4.983097	201.84530384371217
-4.1511	5.070567	222.1499587386715
-3.51227	5.148548	246.58748230326142
45.2248	5.300375	88.279932958877
42.4345	5.3293877	87.44090902961628
38.5891	5.3518634	86.13115134282157
36.0113	5.369216	85.09018822378383
32.2992	5.382637	83.33507538229708
28.9	5.3931074	81.33873172401945
23.7505	5.408418	77.22819006782952
19.3135	5.414645	71.96445310787179
15.1111	5.4206557	64.12799081509992
10.7772	5.4268465	49.64511531263558
6.92712	5.4335356	21.56140774039142
3.12714	5.4408407	-73.98775374773867
-2.98708	5.4486947	282.40872452912595
-5.33472	5.460998	202.3670955625539
-7.34623	5.4689493	174.44566495183324
-8.58084	3.3147626	138.6298197654213
-9.19387	3.3394122	136.32215687387057
-6.7505	3.3551626	149.70243681051366
-5.42477	3.4148962	162.95007096604803
-4.65627	3.5450687	176.13537703281526
-3.88305	4.0232368	203.61022361078602
-3.71307	4.3694553	217.67770164964827
-3.17329	4.558177	243.64199969901748
-2.61056	4.6801515	279.27768637822317
-1.99242	4.891614	345.5112025335011
-1.52124	4.9901896	428.0343538159683
-1.37303	5.081762	470.1129815477074
-1.16809	5.163935	542.0836688812917
57.8229	5.288285	90.85434247402976
54.5618	5.3273535	90.23610911464465
51.197	5.3562784	89.53790727447299
47.7979	5.376981	88.75059427692071
41.497	5.3915176	87.00745252656922
36.9344	5.405027	85.36587141818264
33.9412	5.4121046	84.05446619616652
30.5891	5.414853	82.29809911745585
23.484	5.4169564	76.93341798526507
12.9447	5.4231114	58.10554637999832
8.59392	5.4268785	36.8521162912043
4.56277	5.4342585	-19.099989528491594
1.00166	5.44318	-443.4159556409954
-2.3214	5.4523754	334.87444407253946
-4.95638	3.32788	167.14335824254144
-7.28311	3.3417587	145.88367038460464
-9.67632	3.3999953	135.13727143643771
-10.4629	3.5291388	133.73002236958655
-8.59568	3.7396996	143.50672966743087
-7.01272	4.1135483	158.65838384305428
-5.66966	4.3253326	176.28910814246998
-4.81631	4.5633507	194.74786184572022
-4.01196	4.679741	216.6447539664523
-2.72862	4.7923937	275.6343350288545
-2.40003	4.9693995	307.0557410727014
-1.67218	5.14171	407.48542320764926
70.4618	5.347631	92.41059213568758
66.5142	5.3889422	91.89805657141211
62.812	5.417146	91.37562129576663
59.2978	5.4417477	90.82301579163183
54.1819	5.449561	89.9420986154078
50.5966	5.4525237	89.22354007341147
46.4791	5.452195	88.26957858678978
39.7624	5.4498787	86.29388951381377
34.2023	5.446517	84.0755803526417
24.6831	5.4430304	77.94835551635559
15.5489	5.4400616	65.01320549063331
10.6751	5.4380856	49.05822531230642
6.13507	5.437381	11.37214528577027
0.202956	5.438053	-2579.4244951981796
-3.15898	5.4400277	272.2083678434914
-6.22085	5.4448156	187.52526814975977
-11.3136	3.3126297	129.28006842016666
-12.4819	3.3233373	126.6252533480295
-12.9572	3.379054	126.07858222754479
-12.3401	3.5067608	128.41760208811246
-9.52166	3.711352	138.97799760100574
-7.53327	4.0714636	154.04643200848287
-5.96947	4.2738986	171.59593912749105
-4.46621	4.4420576	199.45923271260935
-3.77333	4.5438766	220.42086013622853
-3.0491	4.7368813	255.35342812630876
-2.18409	4.885604	323.69059388998943
-1.51096	4.9850063	429.9231288793849
71.3676	5.2084436	92.70195056943902
73.4775	5.2752357	92.82060770796492
71.9779	5.3295436	92.59558247486005
69.7063	5.3726196	92.29249046466585
66.3773	5.405525	91.8563643040595
58.7866	5.4525633	90.72481755036192
48.458	5.4549613	88.74291169926035
30.1922	5.45307	81.93881287285033
20.4083	5.4484797	73.30262909858263
14.944	5.439638	63.5998524561708
7.46339	5.4349346	27.17873904211914
3.33845	5.4321337	-62.714246068230516
-0.139105	5.4318495	4004.855354139433
-3.36717	5.4338503	261.3773695057012
-6.04123	5.439682	190.04262087688915
-8.35769	3.27213	139.15112989724742
-11.3585	3.2934294	128.99528557335069
-12.7647	3.318861	126.00030572088042
-13.2782	3.478281	126.19542544882995
-10.4942	3.6735582	135.00560616054247
-7.70387	3.9042022	150.67845839358372
-4.70199	4.1164436	187.54683702762904
-2.9874	4.288288	243.54582706042044
-2.63508	4.4065046	267.22470299693447
-1.94573	4.4894943	330.7357459266855
-1.23282	4.5635734	470.1735236679971
-0.878154	4.676525	632.5404251237987
48.6639	4.9450254	89.8384088546564
47.3415	5.0124297	89.41218940089233
58.9761	5.185527	91.20740822048519
51.4087	5.266863	89.75492268679615
40.864	5.2914076	87.05117280661433
32.9876	5.3297577	83.84314728613504
18.5835	5.364643	71.1322241593184
13.867	5.376477	61.22825855296372
7.36332	5.387742	26.829987901179386
3.63301	5.398695	-48.601163358740955
0.0800051	5.4093595	-6661.268047065669
-4.15993	3.235614	177.78048295702686
-6.77329	3.2600129	148.13042151992954
-8.81437	3.267109	137.06571042128368
-11.0939	3.2797718	129.5637412051461
-11.7853	3.4224486	129.0399742413344
-5.59385	3.7074113	166.2765658007729
-3.87569	3.921362	201.17842087591757
-2.55333	4.105666	260.7965382323374
-1.79017	4.2874527	339.4997440906107
-1.11986	4.3475933	488.22649444590934
-0.801308	4.3954816	648.5383767004319
-0.587667	4.4405823	855.6290149436843
-0.389984	4.5072045	1255.7408809560854
26.9624	4.66844	82.68537003549008
24.6014	4.709857	80.85533359295574
31.9928	4.7871284	85.03685677852266
57.5843	4.8242884	91.62221763362152
45.4049	4.8611913	89.29368671877508
39.299	4.916541	87.48939647332455
33.9909	4.953607	85.42666469147109
28.7965	4.990924	82.6682997675335
21.0084	5.047216	75.97524597683116
16.5226	5.0847864	69.22526502144102
9.71561	5.122201	47.27864536682256
5.59205	5.1592407	7.739725986514122
1.65063	5.195618	-214.76576587507245
-1.85731	5.248287	382.57465254399705
-5.02756	5.281617	205.05328466917905
-688.0348821087905