21.2836	4.5054297	78.83144650075062
22.1766	4.40337	80.14407076677625
31.1688	4.1139746	86.80098214182995
22.9122	3.4622507	84.88905641679997
31.2026	3.3396873	89.2967659870327
30.808	3.2928386	89.3117404896465
30.02	3.2516122	89.16851545632204
29.3035	3.2155533	89.02672592323363
28.5329	3.1850276	88.83734884227415
27.6021	3.1589117	88.55553520898044
26.6715	3.1331716	88.25273730620707
25.904	3.1077151	88.00295055884786
25.284	3.0832958	87.80534814996088
24.5197	3.0586672	87.52567795718899
23.5665	3.00846	87.2341708433716
22.745	2.982563	86.88695137942517
21.9501	2.928424	86.6587175341631
21.0638	2.8707886	86.37098499044416
20.0766	2.8094044	86.00657234712025
19.3142	2.7773595	85.62011841951025
17.4272	2.71074	84.44534956821109
16.3138	2.676241	83.59523355777358
14.1166	2.604882	81.54738227662568
10.0014	2.5680628	74.32296694607956
6.46932	2.5304766	60.88496719317628
4.7534	2.492102	47.57222226346282
1.68298	2.4529328	-45.74938027076202
0.605496	2.4129467	-298.50747208973104
-2.1361	2.0829606	197.51232580828315
-2.15014	2.0457628	195.14555947707012
-2.1904	2.0109723	191.8084535630703
-2.21676	1.9790142	189.27507847315994
-2.22799	1.9501162	187.5280621971399
-2.29608	1.9242988	183.8079975012611
-2.14055	1.8816693	187.90588271460484
-1.92237	1.8645952	196.9946064766928
-2.05627	1.8500593	189.97161730353136
-2.01937	1.8378305	191.0100908492852
-1.65918	1.8276551	210.15410673110216
-1.52139	1.8192012	219.57494642050082
-1.75994	1.8122716	202.97349257256792
-1.67687	1.8065896	207.73581116410108
-1.6684	1.8019297	208.00345595465532
-1.52832	1.7980988	217.6519953196749
-1.31746	1.7949066	236.23994777252818
-1.18521	4.6717553	494.1710850106344
-1.3382	4.613468	444.75178464291776
-1.36	4.5710406	436.1059339315828
-1.33189	4.4085336	430.9983358548061
-1.20136	4.272842	455.66709513583305
-1.10452	4.1145697	472.5210663129487
26.9675	3.5460095	86.85080569784982
36.9042	3.339148	90.95184467163486
36.1014	3.2926688	90.87939102460807
35.0821	3.2516804	90.73122651703974
34.4851	3.2154942	90.67570001179196
32.8811	3.1834393	90.31833094478004
32.0471	3.156948	90.14903662738344
30.1087	3.1314054	89.59966754573621
29.1627	3.106293	89.34840513722547
28.2263	3.0822124	89.08035227394821
27.323	3.058024	88.80787813240809
26.4577	3.0335956	88.53416602656318
25.474	2.9832773	88.28892923949473
24.6403	2.9300847	88.10856954159324
23.5683	2.8733315	87.80849259467246
22.7759	2.8435078	87.51527807541848
21.7059	2.8127484	87.04155123534036
20.7148	2.781098	86.57434574271345
18.2909	2.748599	84.9728599406509
15.6052	2.7152922	82.6000819642176
11.2355	2.681188	76.13645584739717
9.2099	2.6463327	71.2664331985818
5.67582	2.574464	54.6415471252469
2.66338	2.4996884	6.146007192715082
1.03239	2.4219356	-134.59502339118148
-0.402531	2.3819828	691.7513746326915
-1.74234	2.3413935	234.3821316195541
-2.84735	2.3002903	180.78706310684285
-3.56795	2.2588854	163.31046162372678
-4.09026	2.2174838	154.21376591488567
-3.72659	2.176492	158.4043864121387
-3.08915	2.136396	169.15805203647744
-2.84596	2.0977407	173.70943235221506
-2.43846	2.0610206	184.5213995052428
-2.64247	2.0267522	176.6991521134187
-2.78691	1.9951806	171.5911373523545
-2.60768	1.9659185	175.3895691692077
-2.56352	1.9396513	175.66358158743964
-2.73751	1.89601	169.26039298728813
-2.81265	1.8784778	166.78676106154484
-2.6295	1.863558	170.87120572618068
-2.61504	1.8509078	170.77933782282773
-2.78433	1.8316536	165.78435984746443
-2.32401	1.8244003	178.50226578757201
-1.96184	1.81844	192.69053789344628
-1.96437	1.8135588	192.32266861993904
-2.01853	1.8094393	189.64143605114285
-2.0046	4.6144633	330.19371538821457
-1.7233	4.572697	365.3453963478916
-1.64379	4.5099554	374.36324751923803
-1.48389	4.4093766	397.14981926082834
-1.57019	4.1131463	361.9521477396857
-1.58912	3.9472275	348.3907623904721
47.1685	3.3925018	92.80769601855698
40.5082	3.3385968	91.75822126829107
38.5185	3.2919245	91.45365626021922
36.5961	3.2154212	91.21376381046731
35.7098	3.1838999	91.08396333340811
34.6685	3.1327248	90.96377157083535
33.6195	3.1081667	90.75487198107373
32.5746	3.0609899	90.60314060883198
31.5796	3.0371614	90.38252247338784
29.4768	3.0129232	89.7786659573079
28.4363	2.9881196	89.49188503362207
26.4094	2.9363155	88.8815519020041
25.4916	2.9091246	88.58790985967764
23.3383	2.851888	87.78022147940449
22.0751	2.8218708	87.2169511764162
20.9236	2.790975	86.6611115122053
19.5347	2.7592444	85.87516131183466
15.9913	2.7267158	82.94875272936522
13.3845	2.6934335	79.87647015443547
9.6246	2.6246989	72.72927158551842
7.57653	2.5892801	65.82498669688438
6.03207	2.516335	58.284055990402656
4.46619	2.4787807	44.498984068273
2.68002	2.401517	10.391831769553447
1.02337	2.3618555	-130.79193677086428
-1.77377	2.3216271	230.88658923868277
-2.83374	2.2810116	180.49474627504097
-4.86356	2.2402403	146.06174246602203
-5.60128	2.1996787	139.27099408720858
-6.09323	2.1597805	135.44557003055695
-5.13526	2.1210208	141.30308398195223
-4.75222	2.0839634	143.85241690654584
-4.41962	2.049076	146.36317292281532
-3.97153	2.0167723	150.78073916585885
-3.87882	1.9610614	150.55819828569145
-3.60614	1.9167774	153.1531617301853
-3.51007	1.8982236	154.07936571871477
-3.50178	1.8822882	153.75233276119266
-3.49793	1.8570862	153.09100396949654
-3.41223	1.8473896	154.14024523596748
-3.23809	1.8323739	156.5881144206538
-2.90823	1.8265898	162.80761085361445
-2.7302	1.8216922	166.72376358678923
-2.62431	1.817514	169.2568306030787
-2.62913	4.6451983	276.6819649653544
-2.30134	4.6136417	300.4763108493948
-2.14406	4.572682	313.27210461568365
-2.06711	4.5101123	318.18442903924387
-2.03136	4.4095125	317.07193578134445
-2.04285	4.27333	309.1847259922407
51.9383	3.943101	92.40810751775537
52.3978	3.2924595	93.7164129653025
50.8104	3.2174501	93.66773473849634
46.1277	3.186492	93.09201875604734
328.164	3.160808	99.03682393405992
41.1943	3.111949	92.44567865119575
39.0979	3.0887125	92.10005971151145
36.7667	3.0654602	91.6624006424456
33.1645	2.968937	91.04784690371095
32.0287	2.9432101	90.81070902648982
30.8726	2.8891573	90.64168133045234
29.5914	2.8607392	90.3325333032194
27.1186	2.8012521	89.6703654399855
26.0578	2.7702746	89.36872995870527
24.7078	2.7385283	88.91634500933804
21.9661	2.7060614	87.68074294388005
20.104	2.6729083	86.70459226628196
18.4372	2.6046154	85.87304398544111
15.706	2.5694807	83.64013216398024
11.5259	2.4971747	78.33422777276638
9.36229	2.4220972	74.12922364945234
5.7566	2.3835254	58.594909987314104
3.85488	2.344335	39.18526590435908
2.0468	2.3046691	-12.598654311796956
0.144715	2.2647028	-1464.9399036766015
-1.23728	2.22476	279.8105454088941
-3.80152	2.1852326	157.48312091310916
-4.98267	2.146554	143.08039798587788
-6.91858	2.109274	130.48709263580622
-8.13378	2.0407743	125.09011141666097
-8.08269	1.9828823	124.53245690573152
-7.24534	1.9584141	127.02998878744847
-6.97864	1.9369483	127.7553832457743
-6.74192	1.9183729	128.4543962651509
-6.45263	1.8888905	129.2731840167849
-6.37413	1.8764672	129.43879862822712
-6.11028	1.8569691	130.39089646427794
-5.37017	1.8428546	134.3165013372772
-5.07452	1.8372536	136.20546436585468
-4.7009	4.6690874	199.3232643255537
-4.64993	4.6440415	199.8733747555532
-4.55686	4.6130633	201.23338971423215
-4.48268	4.5107384	200.62592139166827
-4.29666	4.410452	202.64837029640933
-3.91012	4.1119905	205.1627562341801
-3.6128	3.941032	209.08526071192577
-3.43269	3.7789106	210.08598221457595
-3.25747	3.540454	208.68724089808993
58.4753	2.9772592	94.90851590673307
57.778	2.9522805	94.8903008789821
53.7378	2.899749	94.60389200230964
48.986	2.872057	94.13698801671408
46.4503	2.8434124	93.87859584235981
43.7194	2.8138742	93.56378772889589
42.6571	2.7835107	93.47468048397543
40.0829	2.720512	93.212785696149
38.6159	2.6879702	93.0392161317785
37.2408	2.654778	92.8713196233897
34.73	2.620953	92.45334684495535
31.9779	2.5513718	92.02145055219819
29.1498	2.5155995	91.37009426881957
27.9028	2.4791403	91.11508750741586
24.4643	2.40416	90.17278429955734
17.774	2.3266544	86.9097872609845
13.4913	2.2872472	83.04649870184842
10.9539	2.2477207	79.4801792130017
9.16159	2.208426	75.89472908429944
7.33017	2.169792	70.39916328405285
5.28097	2.1322901	59.623135789562745
1.38309	2.0964308	-51.575873541224944
-0.30437	2.062669	777.684750026486
-1.55146	2.0313935	230.93431295184865
-2.87907	2.0028915	169.56731682938332
-5.21047	1.9772918	137.94843814689798
-6.33581	1.9546701	130.85115198081877
-7.3604	1.9348991	126.28796366491106
-8.66551	1.9178597	122.13210753687416
-9.16315	1.9032818	120.77104707522976
-9.00827	1.8909338	120.99108857894933
-7.71863	1.8805163	124.3633402812356
-7.1464	1.8717471	126.19147403361308
-6.65139	1.8643761	128.02987115326601
-6.46909	1.8575542	128.71430082485267
-6.44132	1.8514287	128.74299872220504
-6.31736	1.8460779	129.22230078898204
33.5527	4.510103	86.55815114740385
33.0378	4.1135054	87.54909122987264
22.4564	3.7851458	83.14446337282303
20.5186	3.543322	82.73117303620789
18.6588	3.394145	81.80941438280372
17.0792	3.2957125	80.70335655464005
15.1998	3.1630955	79.18988690340062
13.5118	3.1098685	76.98405769165754
12.5065	3.0584726	75.54493604400055
11.3928	3.0056305	73.61815878616636
8.79578	2.8914247	67.12713828536435
6.45082	2.8288882	56.146843480542714
2.98745	2.7626333	7.525366765752031
-0.0451078	2.692854	6069.818829415586
-1.83631	2.6197414	242.66334546972442
-2.72091	2.5432723	193.47137357824752
-1.43528	2.4218216	268.7351271814678
-1.01915	2.3363457	329.2445302219493
-1.38768	2.2039146	258.8200851082546
-1.53574	2.1169467	237.84537443603722
-1.33721	2.0358443	252.2456723439827
-1.56247	1.964587	225.73598369353414
-1.25608	1.9056532	251.71430732569385
-1.17479	1.8596712	258.29818060198363
-1.09995	1.8257715	265.9867743197202
-1.02603	1.8021748	275.6454280098567
-0.893659	1.7866721	299.92774014197187
-0.920793	1.7770681	292.9932355852016
-0.790786	1.7714508	324.0113880952015
-0.744204	4.6407633	723.5875428721451
20.5487	4.5711937	77.75434153464674
35.6948	4.410176	87.64476854025861
26.4987	4.1135054	84.4765726501571
22.4564	3.7851458	83.14446337282303
20.5186	3.543322	82.73117303620789
18.6588	3.394145	81.80941438280372
17.0792	3.2957125	80.70335655464005
15.809	3.2213206	79.62349862200124
14.0236	3.1098685	77.82403172839363
12.5065	3.0584726	75.54493604400055
11.3928	3.0056305	73.61815878616636
8.79578	2.8914247	67.12713828536435
6.45082	2.8288882	56.146843480542714
2.98745	2.7626333	7.525366765752031
-0.0451078	2.692854	6069.818829415586
-1.83631	2.6197414	242.66334546972442
-2.72091	2.5432723	193.47137357824752
-1.43528	2.463234	271.6204425564417
-1.01915	2.3363457	329.2445302219493
-1.38768	2.2482479	262.0148575206448
-1.24505	2.0753913	266.69140758596416
-1.34836	1.9987892	248.23854731508993
-1.33768	1.9334962	244.54102489084795
-1.17927	1.8810673	259.5111577191215
-1.13143	1.8257715	261.3684808425726
-1.02603	1.8021748	275.6454280098567
-0.893659	1.7866721	299.92774014197187
-0.920793	1.7770681	292.9932355852016
-0.790786	1.7714508	324.0113880952015
-0.744204	4.666179	727.002721760008
33.0378	3.7851458	88.54298765417559
20.5186	3.543322	82.73117303620789
18.6588	3.394145	81.80941438280372
17.0792	3.2957125	80.70335655464005
15.809	3.2213206	79.62349862200124
14.5613	3.1630955	78.2773831050985
13.0162	3.0842848	76.30426109876744
11.9769	3.032304	74.68206476949427
9.58266	2.921289	69.51484189074861
6.45082	2.8288882	56.146843480542714
2.98745	2.7626333	7.525366765752031
-1.03056	2.656705	357.7923517090412
-2.42587	2.581938	206.4334796157894
-1.78988	2.5037055	239.8812036442924
-1.38231	2.4218216	275.20103431827965
-1.01915	2.2925143	324.94375530017254
-1.21911	2.2039146	280.7806203330206
-1.53574	2.1169467	237.84537443603722
-1.34836	1.9987892	248.23854731508993
-1.33768	1.9334962	244.54102489084795
-1.17927	1.8810673	259.5111577191215
-1.13143	1.8413074	262.74159548875303
-1.11153	1.8128257	263.0928223355404
-0.961127	1.7935393	286.60794844786386
-0.925377	1.7812476	292.4888423696881
-0.880764	1.7738535	301.3994129162751
-0.762147	1.769601	332.1863138314366
33.5527	4.510103	86.55815114740385
33.0378	4.275678	87.05822223038172
23.3771	3.9430094	83.13302192425745
19.581	3.4593778	82.33298912545321
17.8212	3.3408432	81.25354459882607
16.4205	3.256266	80.1695095789081
15.1998	3.1900954	79.01225644515092
14.0236	3.1363397	77.63527716441082
13.0162	3.0842848	76.30426109876744
11.9769	3.032304	74.68206476949427
9.58266	2.921289	69.51484189074861
7.76119	2.8606272	63.14189966512855
4.63834	2.7962193	39.71508446739199
1.47408	2.7281725	-85.07629182824216
-1.03056	2.656705	357.7923517090412
-2.42587	2.581938	206.4334796157894
-1.78988	2.5037055	239.8812036442924
-1.38231	2.4218216	275.20103431827965
-1.01915	2.3363457	329.2445302219493
-1.38768	2.2482479	262.0148575206448
-1.24505	2.1169467	270.0290571756517
-1.34836	1.964587	245.70195925810435
-1.25608	1.9056532	251.71430732569385
-1.17479	1.8596712	258.29818060198363
-1.09995	1.8257715	265.9867743197202
-1.02603	1.8021748	275.6454280098567
-0.893659	1.7866721	299.92774014197187
-0.920793	1.7738535	292.6441237095784
-0.762147	1.769601	332.1863138314366
33.5527	4.510103	86.55815114740385
33.0378	4.275678	87.05822223038172
23.3771	3.9430094	83.13302192425745
19.581	3.4593778	82.33298912545321
17.8212	3.3408432	81.25354459882607
16.4205	3.256266	80.1695095789081
15.1998	3.1900954	79.01225644515092
14.0236	3.1363397	77.63527716441082
13.0162	3.0842848	76.30426109876744
11.9769	3.032304	74.68206476949427
8.79578	2.8914247	67.12713828536435
6.45082	2.8288882	56.146843480542714
2.98745	2.7626333	7.525366765752031
-0.0451078	2.692854	6069.818829415586
-1.83631	2.6197414	242.66334546972442
-2.72091	2.5432723	193.47137357824752
-1.43528	2.463234	271.6204425564417
-1.01915	2.3363457	329.2445302219493
-1.38768	2.2482479	262.0148575206448
-1.24505	2.0753913	266.69140758596416
-1.56247	1.964587	225.73598369353414
-1.25608	1.9056532	251.71430732569385
-1.13143	1.8413074	262.74159548875303
-1.11153	1.8128257	263.0928223355404
-0.961127	1.7935393	286.60794844786386
-0.925377	1.7812476	292.4888423696881
-0.880764	1.7714508	301.1266063052489
-0.744204	4.666179	727.002721760008
33.0378	4.1135054	87.54909122987264
22.4564	3.7851458	83.14446337282303
20.5186	3.4593778	83.14028632259667
17.8212	3.3408432	81.25354459882607
16.4205	3.256266	80.1695095789081
15.1998	3.1900954	79.01225644515092
14.0236	3.1363397	77.63527716441082
12.5065	3.0584726	75.54493604400055
11.3928	3.0056305	73.61815878616636
7.76119	2.8606272	63.14189966512855
4.63834	2.7962193	39.71508446739199
1.47408	2.7281725	-85.07629182824216
-1.03056	2.6197414	354.2056161251799
-2.72091	2.5037055	192.01720876484055
-1.01915	2.3363457	329.2445302219493
-1.38768	2.2482479	262.0148575206448
-1.24505	2.15997	273.48460911836924
-1.45127	2.0753913	243.00519092321548
-1.34836	1.9987892	248.23854731508993
-1.33768	1.9334962	244.54102489084795
-1.13143	1.8413074	262.74159548875303
-1.11153	1.8128257	263.0928223355404
-0.961127	1.7935393	286.60794844786386
-0.925377	1.7812476	292.4888423696881
-0.880764	1.7738535	301.3994129162751
-0.762147	1.769601	332.1863138314366
20.5487	4.5711937	77.75434153464674
35.6948	4.410176	87.64476854025861
26.4987	4.1135054	84.4765726501571
22.4564	3.7851458	83.14446337282303
20.5186	3.543322	82.73117303620789
18.6588	3.394145	81.80941438280372
16.4205	3.256266	80.1695095789081
14.5613	3.1630955	78.2773831050985
13.5118	3.1098685	76.98405769165754
11.9769	3.032304	74.68206476949427
7.76119	2.8606272	63.14189966512855
4.63834	2.7962193	39.71508446739199
1.47408	2.7281725	-85.07629182824216
-1.03056	2.656705	357.7923517090412
-2.42587	2.581938	206.4334796157894
-1.78988	2.5037055	239.8812036442924
-1.38231	2.4218216	275.20103431827965
-1.01915	2.3363457	329.2445302219493
-1.38768	2.2482479	262.0148575206448
-1.24505	2.15997	273.48460911836924
-1.45127	2.0753913	243.00519092321548
-1.34836	1.9987892	248.23854731508993
-1.33768	1.9334962	244.54102489084795
-1.17927	1.8810673	259.5111577191215
-1.13143	1.8413074	262.74159548875303
-1.02603	1.8021748	275.6454280098567
-0.893659	1.7866721	299.92774014197187
-0.920793	1.7770681	292.9932355852016
-0.790786	1.7714508	324.0113880952015
33.5527	4.510103	86.55815114740385
33.0378	4.275678	87.05822223038172
23.3771	3.9430094	83.13302192425745
17.8212	3.3408432	81.25354459882607
15.809	3.2213206	79.62349862200124
14.5613	3.1630955	78.2773831050985
13.5118	3.1098685	76.98405769165754
12.5065	3.0584726	75.54493604400055
8.79578	2.8914247	67.12713828536435
6.45082	2.8288882	56.146843480542714
2.98745	2.7626333	7.525366765752031
-0.0451078	2.692854	6069.818829415586
-2.42587	2.581938	206.4334796157894
-1.43528	2.463234	271.6204425564417
-1.01915	2.3363457	329.2445302219493
-1.38768	2.2482479	262.0148575206448
-1.24505	2.1169467	270.0290571756517
-1.33721	2.0358443	252.2456723439827
-1.56247	1.964587	225.73598369353414
-1.25608	1.9056532	251.71430732569385
-1.17479	1.8596712	258.29818060198363
-1.11153	1.8128257	263.0928223355404
-0.961127	1.7935393	286.60794844786386
-0.925377	1.7812476	292.4888423696881
-0.880764	1.7738535	301.3994129162751
-0.762147	1.769601	332.1863138314366
20.5487	4.5711937	77.75434153464674
33.0378	4.275678	87.05822223038172
23.3771	3.9430094	83.13302192425745
19.581	3.394145	82.6661346883714
17.0792	3.2957125	80.70335655464005
15.809	3.2213206	79.62349862200124
14.5613	3.1630955	78.2773831050985
13.5118	3.1098685	76.98405769165754
12.5065	3.0584726	75.54493604400055
8.79578	2.8914247	67.12713828536435
6.45082	2.8288882	56.146843480542714
2.98745	2.7626333	7.525366765752031
-0.0451078	2.692854	6069.818829415586
-1.83631	2.6197414	242.66334546972442
-2.72091	2.5432723	193.47137357824752
-1.43528	2.463234	271.6204425564417
-1.12338	2.3794987	311.81602263425185
-1.38768	2.2039146	258.8200851082546
-1.53574	2.1169467	237.84537443603722
-1.33721	2.0358443	252.2456723439827
-1.56247	1.964587	225.73598369353414
-1.25608	1.9056532	251.71430732569385
-1.17479	1.8596712	258.29818060198363
-1.09995	1.8128257	264.80982164503513
-0.961127	1.7935393	286.60794844786386
-0.925377	1.7812476	292.4888423696881
-0.790786	1.7714508	324.0113880952015
-0.744204	4.666179	727.002721760008
33.5527	4.510103	86.55815114740385
26.4987	3.9430094	85.11999251418885
18.6588	3.394145	81.80941438280372
17.0792	3.2957125	80.70335655464005
15.809	3.2213206	79.62349862200124
14.5613	3.1630955	78.2773831050985
13.0162	3.0842848	76.30426109876744
11.9769	3.032304	74.68206476949427
9.58266	2.921289	69.51484189074861
7.76119	2.8606272	63.14189966512855
4.63834	2.7962193	39.71508446739199
1.47408	2.7281725	-85.07629182824216
-1.03056	2.656705	357.7923517090412
-2.42587	2.5432723	204.8395866036563
-1.43528	2.463234	271.6204425564417
-1.12338	2.3794987	311.81602263425185
-1.34849	2.2925143	270.0060307883147
-1.21911	2.2039146	280.7806203330206
-1.45127	2.0753913	243.00519092321548
-1.56247	1.964587	225.73598369353414
-1.25608	1.8413074	246.59155757797723
-1.02603	1.8021748	275.6454280098567
-0.893659	1.7866721	299.92774014197187
-0.920793	1.7770681	292.9932355852016
-0.790786	1.7714508	324.0113880952015
-0.744204	4.663163	726.5974571971342
48.7132	4.406467	90.95426399307182
48.6297	4.1047044	91.5592614487122
37.4496	3.5380116	90.55261038089522
31.5825	3.2588663	89.6814206943383
28.0366	3.1957293	88.60157723661196
25.8175	3.1216278	87.90886836800618
22.8732	3.0741873	86.55986786015912
17.1061	2.9465365	82.7749340666239
13.24	2.8893924	78.17679076485977
9.18052	2.828317	69.19219531390156
5.42221	2.7635195	49.033338524811676
2.44514	2.6953828	-10.234299889036883
-0.658603	2.5874045	492.8625257646822
-3.89337	2.5115252	164.50773935566474
-4.74819	2.432323	151.22632027794438
-3.46702	2.349865	167.7776573581036
-3.03056	2.26516	174.74394406773928
-2.91683	2.180492	174.7555351971118
-2.6127	2.0994716	180.3563968580251
-2.44675	1.9930911	181.45872710443442
-2.24128	1.9361448	186.38567071711304
-1.97487	1.8731906	194.8513407551787
-1.87111	1.8246464	197.5167953533153
-1.48077	1.8059871	221.96269578497905
-1.24432	4.6721663	475.4794664514554
55.5826	4.5760155	91.76717983315083
50.6169	4.278909	91.54648416295015
42.3428	3.950161	90.6709972719601
37.1197	3.6535926	90.15727223109276
33.4567	3.3982143	89.8429480371241
30.9539	3.3004394	89.33756360160156
28.6816	3.2266264	88.75019044159107
26.5775	3.1455646	88.16455608993772
23.6119	3.0973668	86.88218106220671
19.4824	2.99968	84.60313191518357
17.0305	2.9467854	82.69701475671044
12.6405	2.890056	77.13654016269915
8.92504	2.8293405	68.29884930229288
5.0168	2.7648177	44.888818468828795
2.13377	2.6616569	-24.739633148894708
-2.96279	2.5514383	186.11607035802015
-5.02306	2.4338984	148.45449833493447
-3.69435	2.3514957	163.65114238081185
-3.15396	2.2667565	171.8701665103521
-3.28152	2.1819534	166.49215922588212
-2.86848	2.062866	171.9149513389144
-2.72793	1.9651442	172.0379228105307
-2.38159	1.914238	180.37647390478753
-2.21846	1.875334	184.53313180501965
-2.08368	1.8472522	188.65335398572037
-1.68319	1.8206961	208.1693835833129
-1.50318	1.8058714	220.13674039151795
68.2695	4.577349	93.2951749062942
59.6359	4.4173036	92.59287594031494
54.3989	3.264885	93.99825179545095
39.6912	3.2011013	91.93498007171684
36.8001	3.1515927	91.43591351648323
32.2396	3.0568619	90.51830118922055
28.4224	2.9820368	89.5081462478701
26.1537	2.9279425	88.80486397714832
21.6825	2.8699288	86.76384988399327
18.0284	2.7756865	84.60381287747006
14.7269	2.7083678	81.60937955122412
9.91163	2.6378431	73.38638328883104
4.58063	2.5260372	44.853932486019296
1.07026	2.4472644	-128.66072948160345
-1.49231	2.322947	255.66115297125737
-4.81351	2.2375546	146.4848847836609
-6.31097	2.1533175	134.12022292602612
-5.7194	2.037892	135.6312181357863
-4.26996	1.9736371	146.2214432443992
-3.74099	1.9006653	150.80647325074634
-3.79562	1.8669405	149.1867077253344
-3.51738	1.8336643	152.13153481528218
-2.7974	1.8138975	164.8422682203051
-2.47201	1.8057901	173.049472332223
-2.38158	4.6455374	295.06115233338517
-1.79806	4.516928	351.2111902358256
-1.85952	4.120041	321.5647578683056
69.7171	3.550509	94.90726595432679
57.9522	3.4045787	94.12519446317894
44.9975	3.2365375	92.8072941061774
40.7346	3.1581059	92.24711239986848
36.8891	3.088213	91.62839122356223
30.6434	3.040893	90.07651391291915
27.0615	2.9909937	88.9474218389881
23.6019	2.93747	87.55409746720453
21.2131	2.8799138	86.42389244737396
18.2836	2.8183458	84.58538774563232
14.7184	2.7529974	81.29553893024338
9.81349	2.6841083	72.64878976967384
6.28797	2.611937	58.46136322841526
2.4638	2.497376	-1.3627734512517313
-0.540199	2.3748968	539.6337098996087
-3.13002	2.2896523	173.15135941524596
-6.24643	2.2037973	135.28091798652383
-7.71883	2.1208358	127.47613599578936
-6.12996	2.0448885	133.35892039007868
-5.33982	1.9512725	136.5419156677008
-4.82063	1.8854818	139.11276753547176
-4.49945	1.8557076	141.24298659044254
-4.28258	1.8271134	142.66385383457327
-3.40834	1.8113456	153.14450991751735
-2.93627	4.670464	259.06113128469735
-2.85126	4.616104	261.89700169352903
-2.18015	4.4197206	302.7255273609142
-2.2283	4.1233673	285.04542182421716
61.404	3.3131433	94.60435033537951
45.8722	3.213869	92.99386733872637
41.3722	3.1203856	92.45777547389814
37.3281	3.0515347	91.82510525697786
31.2622	2.9497166	90.56459038573564
27.547	2.8926454	89.49923843151929
22.6551	2.8313346	87.50243837304174
16.1566	2.7319658	83.09071303569287
11.0809	2.6611047	75.98476517161387
7.63705	2.5867763	66.12859408886895
2.26601	2.5088465	-10.716478322786392
-0.638477	2.4271917	480.15334768439527
-2.98378	2.342153	178.49617415428673
-4.71441	2.2118273	146.91631314938635
-6.01035	2.0881767	134.74301244194785
-4.56539	2.0160584	144.15960950530467
-4.22266	1.955569	146.31131176345707
-3.84631	1.888186	149.09084980945096
-3.02491	1.8456495	161.01502972399686
-2.37413	1.827769	176.9868976381685
-2.54162	1.8113227	171.26645364630934
-1.991	4.617192	331.90315320237397
-1.65498	4.5199547	373.11233944186904
-1.53863	4.2893004	378.77400138405903
73.154	3.6639347	94.99147984536798
68.5992	3.4774332	94.93079746790112
58.8691	3.3625064	94.28816315723617
50.1462	3.250527	93.5179005783337
44.3291	3.1531858	92.88686960269204
39.6409	3.087005	92.2125742809786
36.1321	3.0403218	91.58553911484528
28.9873	2.963235	89.7774754512099
25.0331	2.9062593	88.39033311150992
22.3475	2.812499	87.41469954489924
16.446	2.744906	83.30958522181656
11.6575	2.6735487	77.06584913416683
7.93613	2.5985851	67.25626831408321
2.28917	2.5198994	-10.079170127506451
-0.560659	2.394699	527.1222033495221
-3.03262	2.2193754	173.18342449092867
-4.87769	2.1343174	143.7567264171777
-6.64453	2.0563073	130.9473713218237
-4.91835	1.9334979	139.31192004132424
-4.48763	1.8467406	141.1518054683962
-3.95564	1.8281875	146.21724090730984
-3.23574	1.8156679	156.11291073313933
-2.27799	4.6719975	305.09295905430935
-1.87387	4.580384	344.43443896274107
-1.86135	4.130375	321.90210204394276
-1.70701	3.483265	304.0565139497793
72.1309	3.099413	95.70307438667592
54.0268	3.0533533	94.34844844603832
41.6181	2.9768806	92.84715261823283
37.7863	2.8268738	92.51878662377042
34.5943	2.7596412	92.02284277505191
31.597	2.651685	91.6077928142631
28.7221	2.575028	91.03468225442755
22.3917	2.4943233	88.86049899060453
18.3326	2.3659117	87.09451179735406
5.43426	2.2771006	58.09731944166215
1.94534	2.1889925	-12.524929229941486
-2.89853	2.1055815	172.64307352050403
-5.27173	1.9975379	137.89151019042896
-7.203	1.9163796	126.60530210079767
-8.738	1.8774209	121.48571065599543
-6.62434	1.8292034	127.61337114050944
-4.84048	4.5218053	193.41647734627418
-4.30248	4.2919235	199.75464800611329
-3.22348	3.9610672	222.8817133996363
-2.75322	3.668971	233.26108895497532
-2.20807	3.482841	257.7323721885343
-1.61846	3.370677	308.264460679372
38.203	3.2955623	91.37354966760319
83.1834	3.240746	96.10409597712193
68.3955	3.1987567	95.32315232965615
56.1673	3.1157882	94.45266651457855
48.9578	3.0233202	93.82464258593232
44.1062	2.9425516	93.32848764799982
40.0481	2.883195	92.80067218060253
36.4918	2.7867942	92.36323536452555
33.1829	2.6815505	91.91887682501451
28.2674	2.606381	90.77955385260137
20.0952	2.5268054	87.4258234311015
11.0266	2.3991132	78.24249789919382
6.89462	2.309911	66.49690927477612
3.14121	2.220529	29.309755684737752
-2.83043	2.1348646	175.4254577530871
-5.23098	2.0217772	138.65006526796327
-7.26709	1.9604814	126.97753414130216
-9.10132	1.9115188	121.00265669791959
-7.97502	1.8742127	123.50104147552122
-6.18301	1.8470676	129.87327859213653
-5.23131	1.82811	134.9455447945155
-4.02774	1.8152583	145.0689096665559
-3.41655	4.674559	236.82104645978532
-2.78902	4.5825777	264.3078071991464
-2.09909	4.4252763	310.81878671391974
-2.14597	3.9621744	284.6332641213592
-1.67378	3.6693735	319.226755619598
-1.27165	3.4165397	368.66981214587696
-1.2883	3.3222327	357.87725117062536
41.1254	3.2540522	92.08749053987482
92.5264	3.1834517	96.55941561493516
69.406	3.1436205	95.47067482318428
60.0696	3.1051073	94.83081892069447
50.6781	3.0442123	93.99304175548892
45.7443	2.9514985	93.5478302550937
41.4448	2.899445	93.00408136366255
37.4366	2.843758	92.40380363122058
27.9438	2.71969	90.2672853171396
23.4013	2.6500654	88.67556751268093
11.7456	2.5737777	78.08729900584224
8.02687	2.4904962	68.9730090463304
4.2351	2.3119552	45.40966383716175
0.791717	2.2211819	-180.55249918183708
-2.12362	2.1349607	200.53402293988128
-4.51744	2.0570843	145.5365019879123
-6.58368	1.9901905	130.22914934752558
-8.06649	1.9354625	123.9938673458868
-6.25492	1.8927238	130.25976408036948
-4.88342	1.860852	138.10551304456848
-3.83907	1.8380893	147.87850152652797
-3.34068	1.8165901	154.37785522187792
-2.49263	4.622606	285.45094103711506
-2.24566	4.527524	301.6121595319069
-2.10859	4.300963	303.9734095184941
-1.52471	3.8163047	350.2970830389998
-1.37688	3.487554	353.2939738134028
-1.11406	3.3670688	402.2340371688228
66.2819	3.1688924	95.21906888830543
78.0517	2.9583044	96.20981287911549
75.1811	2.8751771	96.1756671335095
61.7393	2.8143835	95.44150246157038
50.4478	2.6809855	94.68562650118098
41.0319	2.534441	93.82324684049279
36.5115	2.4566414	93.27159370996809
31.8988	2.3756893	92.55242027730185
26.3413	2.2917414	91.29981281534597
19.2671	2.2059379	88.55075018989737
12.5972	2.120897	83.16374093599862
8.43272	2.040759	75.79951614661626
4.79197	1.9115791	60.108698064150325
1.28664	1.8874886	-46.69904037933799
-3.37121	1.866701	155.3718419109639
-6.65657	1.8490093	127.77720430729896
-7.89665	1.8341788	123.22729873388293
-5.67739	1.8218467	132.0895152586645
-3.98603	1.811717	145.4516646168566
-3.53927	1.8034403	150.95515768714296
-2.87822	1.7967094	162.42432776983017
-1.57261	1.7912315	213.9018249608532
-1.557	1.7867817	214.75797184348625
43.3332	4.5044627	89.60505259985045
60.6938	4.094808	93.25333634685387
56.8524	3.7668571	93.37432187142953
52.1068	3.5347877	93.21626693832161
49.0814	3.34241	93.19006605968494
43.5567	3.2627826	92.50911357798756
38.8504	3.1792278	91.81674834224386
35.6835	3.1340075	91.2172106371299
32.8982	3.0904372	90.60606099257589
26.3104	2.9976974	88.60641484296293
21.3006	2.9463081	86.16795710538538
16.5074	2.8908362	82.48763205645254
12.1926	2.8313785	76.77789086285443
8.24769	2.7683554	66.43477989392171
2.87738	2.6680756	7.274129257347535
0.0612585	2.5977674	-4140.664328096778
-3.64926	2.486859	168.1469343019054
-5.8755	2.3691115	140.3218697372311
-4.45103	2.2470002	150.48270467168734
-3.85296	2.1288004	155.25103638591068
-3.04797	2.0580542	167.52212687732032
-3.22259	1.9971409	161.97316143901514
-2.85506	1.9266917	167.4833966458427
-2.2952	1.8929924	182.47613139489093
-2.40297	1.8680818	177.74053564183865
-2.1051	1.8499953	187.88159460821305
-1.81314	1.836829	201.30651969224155
-1.80872	4.673792	358.4032920302679
31.2168	4.5731006	85.3505133688781
34.2803	4.2669015	87.5529064834263
38.1935	3.9429202	89.67646161976238
44.9197	3.6555276	91.86208062041047
44.6175	3.4663086	92.23105604294041
42.9495	3.3494015	92.20153133230671
40.7347	3.2653055	91.98397281529358
38.4888	3.2007952	91.68382954025567
36.0598	3.15312	91.25585272605328
33.398	3.1090012	90.69105554086568
30.6151	3.0654898	89.98699780015488
27.2473	3.0203285	88.91512696290879
20.5285	2.9467154	85.64572976329866
15.8961	2.891932	81.80728304780779
11.8618	2.8329618	76.11693006246423
4.11792	2.7046816	34.31922703170392
0.994032	2.6359785	-165.18043615522853
-1.92155	2.5644064	233.45508101243678
-4.17525	2.489849	159.6335323328766
-5.87037	2.412298	141.09278016560395
-6.52134	2.3321276	135.76148592292282
-5.00827	2.2506647	144.9389670842988
-4.42584	2.1706967	149.04598412848392
-4.38256	2.0960872	147.8279262060905
-3.91842	2.0306187	151.8223771215716
-3.58028	1.9763312	155.20045804750592
-3.18397	1.9327635	160.70294606971802
-3.02659	1.8998253	162.77114727165178
-2.6829	1.8758069	169.91713601242986
-2.45133	1.8586345	175.82146320673303
-2.10109	1.8460791	187.86292596631418
-2.03298	4.6729507	329.85719606667624
74.7523	4.516784	93.95766433593698
67.8864	4.2823696	93.69185635523284
58.4198	3.7890491	93.51410437235543
52.3545	3.550849	93.21767961308086
46.7746	3.3548822	92.82755765706186
43.1797	3.2720609	92.42222508655351
36.8274	3.1642098	91.40799715602166
33.9095	3.1208239	90.79661187791169
30.5995	3.0779576	89.94115234784424
27.0483	3.0332956	88.78562937893601
22.1916	2.9855871	86.5463149743141
17.3131	2.9339914	83.05334518887247
12.7633	2.8781097	77.45011129550358
8.71142	2.8182774	67.64847361445828
4.96035	2.7550774	44.458005146401746
1.30072	2.6889634	-106.72884725186803
-1.64553	2.6200247	259.22070493242904
-4.04003	2.5481706	163.07306047041052
-6.19868	2.4345222	139.27484085247715
-8.28822	2.354959	128.41331937379047
-6.6228	2.192781	133.10956901344645
-5.66654	2.1164055	137.3491660268491
-5.31189	2.0482724	138.56014641501616
-4.68046	1.9670213	142.02624261942884
-4.33027	1.9274867	144.5119242605135
-3.56288	1.8982213	153.2777267793029
-3.37444	1.8763958	155.6061440102104
-2.94251	1.8532789	162.98292766659853
-2.50879	4.6719804	286.22444887341834
96.5822	4.5801015	95.25782074127463
84.1006	4.422123	94.74186976344691
75.6002	4.12472	94.54403839553443
67.4667	3.792585	94.37858440494425
58.2146	3.5567513	93.8902761934518
53.1922	3.413434	93.58283151711817
48.4798	3.3181381	93.1556276182382
44.3533	3.248838	92.67509599034175
40.6734	3.198196	92.13688469116572
35.5862	3.1345472	91.19167507529713
31.9119	3.0934076	90.30641635486073
28.0709	3.0504384	89.13309537198425
22.4123	3.0042248	86.59564273860687
17.5831	2.9538178	83.20081513391176
10.7648	2.8699157	73.339811765202
6.4837	2.808606	56.68204888263144
-0.828592	2.6762412	422.9866099743286
-3.53942	2.605627	173.61735481347324
-5.98778	2.5319006	142.28446674579735
-7.75606	2.4548378	131.650571078157
-9.20952	2.3745928	125.78410919797922
-10.0643	2.2922788	122.77634150758118
-8.75632	2.2103984	125.2434661374672
-7.63265	2.0963492	127.46554954332923
-6.57733	2.0314088	130.885005800853
-5.91802	1.9778736	133.4212017142553
-5.48907	1.9359744	135.26962022215517
-5.09975	1.9045277	137.34551004488006
-4.46249	1.8816099	142.16502181968943
-4.03795	1.8650986	146.18924103660817
-3.69586	1.8530535	150.13863120872995
66.9751	4.582385	93.15807490066707
95.141	3.56428	96.25368905900658
85.1018	3.4212823	95.97977957343173
76.4859	3.327721	95.64923652091338
65.5156	3.2346187	95.06282620267393
42.5451	3.1928759	92.49531715530152
53.0491	3.1537595	94.05501872037851
46.5377	3.0952864	93.34886064510914
22.6542	3.006528	86.72860261043627
28.1431	2.8988636	89.6995613039297
17.8913	2.7383833	84.69433041576752
12.8749	2.63165	79.55984125106451
9.00555	2.556231	71.61493842425567
3.42504	2.4771907	27.674108093474864
-3.83707	2.3102055	160.2075403020709
-5.80377	2.1854272	137.65530274772277
-7.18541	2.1090546	129.35189616068118
-7.54767	2.0421438	127.05660654620927
-5.43944	1.9866631	136.52329922544553
-4.81853	1.9428859	140.32113201236197
-4.16711	1.9097366	145.82880338544305
-3.78365	1.8853946	149.8300480321779
-3.41224	1.8608555	154.53472100141056
-3.1166	4.6751413	250.00774175701775
-2.4663	4.622419	287.423219415468
-2.35251	4.526431	292.4085819379107
-2.0156	4.297041	313.18918684903156
78.7638	3.3064294	95.80209825345086
100.627	3.2525806	96.76768782646526
92.2289	3.214056	96.51512918010698
68.1204	3.1420393	95.38752493790514
54.9257	3.060344	94.42821005021167
37.8498	2.985576	92.11204122353962
46.1364	2.9289446	93.6515555158677
42.0521	2.8671217	93.18197528127111
26.931	2.5799584	90.42011813365818
18.6801	2.498787	86.62326756895621
14.205	2.4140453	83.00566457706473
9.81709	2.3271747	76.29465905508714
3.85118	2.2409198	41.81212553442019
0.314322	2.1589866	-586.8709808080026
-2.4869	2.0850568	183.841588600699
-5.80216	1.9945247	134.37555242183788
-7.45447	1.9488068	126.14278741011812
-8.36297	1.9139099	122.88552788677657
-7.67872	1.8880975	124.58869820571911
-6.71338	1.8693585	127.8452739964506
-5.96039	1.8557327	131.13442055756855
-4.51005	4.62403	202.5272513126093
-4.14944	4.528515	209.13557172909327
-3.25063	3.9697256	222.12173420672974
-2.5651	3.6771026	243.3512482654911
-2.58054	3.4930043	235.35944566898405
116.74	3.264915	97.20325892919871
112.748	3.2197828	97.1442686904533
102.46	3.1877236	96.88881389720362
84.1694	3.1337109	96.2768979533825
74.2767	3.0918975	95.83732726789403
66.1937	3.0443754	95.40080664894681
53.5505	2.9911642	94.41430944792334
48.7737	2.9326618	93.98720433157801
41.3218	2.868976	93.05699031282663
32.2909	2.8010166	91.32568076092403
21.0631	2.653484	87.40221410033078
10.9638	2.4892254	77.29596225872183
6.66939	2.4015088	63.99207820272437
2.93579	2.3124967	21.23085733850615
-0.288521	2.225483	871.341796095054
-3.28043	2.144215	165.3638484609591
-5.64585	2.0719407	136.6984662260099
-7.76304	2.0106955	125.90087083909823
-9.26558	1.961129	121.16574624588229
-10.3515	1.9226435	118.57357623231421
-10.145	1.8938366	118.6676874287212
-7.61468	1.8728305	124.59500482837493
-6.43931	1.8576748	128.8489694918889
-5.80818	4.654934	180.1444522272893
-4.90289	4.5891047	193.59998817362901
-3.77242	4.4339523	217.53602235171851
-3.37547	4.1422715	222.7168771980457
-3.01075	3.8131232	226.65028297036088
-2.42246	3.5732608	247.5054559140297
75.0808	3.209114	95.72578615304089
56.6229	3.1472883	94.44166691986642
109.054	3.116878	97.14189789425242
100.306	3.0838656	96.92554551851984
89.8168	3.046876	96.60767818608639
62.7398	2.9343538	95.32298015268809
50.6733	2.8193645	94.43618955017209
44.9467	2.7110417	93.96832151524956
38.2286	2.6326046	93.11351569910705
32.0183	2.5485191	92.04042936090895
26.1501	2.4602482	90.59181846137149
20.6578	2.369824	88.52819090880804
13.4831	2.237057	83.40843913819829
9.1561	2.1180391	76.86745374141731
5.19791	2.0507412	60.54681089207432
1.64678	1.9945581	-21.11867273887608
-2.95087	1.9495354	166.06645990424377
-5.40393	1.9147991	135.43345578253263
-7.4823	1.8786792	125.10831328003916
-9.05557	4.6820507	151.703546950314
-10.0975	4.592231	145.47888948956913
-10.2984	4.3058844	141.81119778342764
-6.72545	3.9768615	159.13152954657556
-5.37926	3.682866	168.46417635970028
-3.9513	3.491786	188.37055773946864
-3.5207	3.3731647	195.80948887937512
-1.94637	3.230554	265.97842207561735
-1.93093	3.1882458	265.11452316253764
120.059	3.1117392	97.4081575214314
99.0125	3.0335817	96.93615989069305
84.7496	2.9666152	96.49955438725998
75.1121	2.9166827	96.11689803234972
67.1503	2.8624763	95.73721550949585
53.2767	2.741801	94.85365598163047
46.002	2.6421523	94.25644332418841
39.5357	2.5710213	93.49696117742423
33.7419	2.4955618	92.60396866697863
28.2658	2.4157825	91.45333623043277
20.5986	2.3327765	88.67507025029356
15.9237	2.2483518	85.88046745534135
11.2334	2.166935	80.70989281500397
7.09089	2.0926158	70.48866783038886
3.48054	2.0283215	41.72394275197704
-1.37621	1.9530828	241.91750070120057
-4.12742	1.916426	146.43157724848243
-6.39748	1.8889675	129.5267435114167
-8.34769	1.8689625	122.38897672356366
-9.6249	4.685948	148.68568440195676
-9.97874	4.6346893	146.44563795155085
-6.8396	4.543637	166.43132261516413
-5.28073	4.323387	181.87100754860742
-4.29838	3.8442564	189.43500789185606
-3.01143	3.597272	219.45393553388675
-2.19062	3.3830357	254.43279728641073
-1.97846	3.2942495	266.5057414127355
-1.66695	3.2261186	293.5342002189741
66.3267	3.0456748	95.40807329736576
93.0097	2.9996114	96.7749482055033
99.2907	2.9505339	97.02839145855026
79.0004	2.7768002	96.4850783312763
71.3057	2.7094882	96.20018058712965
64.034	2.6384072	95.87967516987837
57.4787	2.5263834	95.6046631150509
44.8895	2.4490159	94.544344246741
39.0297	2.3700037	93.92769436681307
33.404	2.2896793	93.14549569025078
19.9965	2.1273937	89.3611696001259
12.5324	2.0116277	83.94858785067453
8.18598	1.9439943	76.25214623849932
4.11629	1.8882259	54.127964991776416
-1.24636	1.8457108	248.0880899263287
-4.1358	1.815324	143.8929319652118
-6.48967	1.7944216	127.65042369394344
-8.08271	4.652349	157.55927552606764
-7.5198	4.6002636	161.17534351576813
-5.16025	4.498816	187.18212974904705
-4.10975	4.251783	203.45599198029416
-2.42708	3.7597318	254.9076116677248
-2.18077	3.395625	255.70762796917657
-1.91553	3.2678165	270.5959624435935
-1.79734	3.1882453	277.3868669481384
-1.34195	3.1269011	333.0117286940776
71.5693	3.022008	95.77750390667849
61.0917	2.6468892	95.66735142811132
61.9817	2.506415	95.95619951611665
56.1795	2.4318097	95.67135975474905
50.0799	2.3153799	95.37662784803184
44.3275	2.1992598	95.03860866967041
40.187	2.1271973	94.70675280292964
33.196	2.063069	93.78518965237484
24.8654	2.0088038	91.92128702576609
19.9092	1.9648792	90.13079418728692
12.5106	1.9305546	84.5686507756522
6.67281	1.9042811	71.46208093428156
2.7107	1.8842479	30.48851312722635
-2.70532	4.6445084	271.68056146268236
-4.57171	4.5634174	199.81861933538744
-6.0772	4.3891907	172.22389784957204
-5.16817	3.927524	175.99447448054784
-4.4582	3.6516533	181.9087027220533
-3.9721	3.467204	187.28894829862435
-3.47721	3.3503876	196.3527520632212
-3.60521	3.265325	190.5723874996057
-3.05806	3.1768222	203.883589459361
-2.63205	3.134832	219.1022914017496
-2.64152	3.0961158	217.20962028597737
-2.36652	3.0564907	229.1555106718743
37.2038	2.9916918	91.95863978099312
36.7094	2.6480901	92.78634259949628
42.386	2.282992	94.6138035408482
37.0862	2.1696367	94.149749149474
37.1991	2.043575	94.5063852090356
43.6239	1.9429207	95.54620145396748
39.7509	1.8909144	95.24308907668184
36.3306	4.512157	87.5802839797229
28.7574	4.117472	85.68204489439655
23.667	3.6583915	84.54222343001359
18.6756	3.4747953	81.39392934182092
14.5041	3.3604922	76.8307458695712
9.89224	3.2451978	67.19450888938485
6.04477	3.1742725	47.487287999551306
-0.4647	3.1347365	774.572071819298
-5.14793	3.076162	159.75532401283735
-6.67474	3.034485	145.4622193087785
-7.25559	2.964397	140.85673210732728
-5.75577	2.9120378	150.59337363745757
-4.74725	2.7662418	158.27039873117977
-3.99575	2.7032628	167.6534527807993
-3.47336	2.6378777	175.94598364342153
-3.40094	2.569975	175.56660639615225
-2.97375	2.46283	182.8189986347906
45.1101	2.3878207	94.70668163339377
63.1254	2.1967835	96.51996667864196
59.3686	2.1268094	96.41762109170641
55.5425	2.065609	96.28102985048282
50.2936	2.015041	95.993443650015
41.584	1.9324508	95.35290169815676
35.544	1.911127	94.62321277283984
30.0241	1.8943925	93.69042850722067
22.3908	4.647477	79.24381398844966
-6.36084	4.579702	171.99839156175636
12.7773	4.287438	66.44488680001523
6.48216	3.7947655	41.45831915742704
2.8668	3.5627537	-24.276321704065733
-0.458714	3.369203	834.4888164466893
-3.41002	3.2897873	196.47412464016313
-7.90419	3.172575	140.13788853089426
-9.42862	3.1370401	133.2714652371259
-8.38627	3.0818713	136.7490098811175
-7.48824	3.0191114	140.318035361361
-5.95925	2.9173632	148.95521511463176
-5.38108	2.7988348	152.01250019605772
-4.96705	2.6694376	153.74292275479115
-4.0503	2.5655987	163.343428581856
-3.94686	2.4926054	163.15413772987867
53.5917	2.338284	95.63685519765006
58.4116	2.184815	96.25962219791343
92.5338	2.0323083	97.80371007676902
82.7496	1.9895077	97.59574728595089
73.1006	1.9563909	97.32370138023066
63.8133	1.9209883	96.9896714986854
47.0218	4.428505	90.58201759577327
42.7556	3.9638758	90.72899264854672
34.3059	3.5701308	89.59324418781273
25.567	3.430696	86.58154432204002
20.1524	3.3054304	83.59783642499981
15.008	3.2347884	78.4462429344192
6.14876	3.2011666	47.93801169518082
-1.26476	3.154942	349.4498554890412
-5.16999	3.121952	160.38604515389096
-7.36136	3.084763	141.9047977473089
-9.06355	3.0420542	133.56360562767333
-10.2778	2.9931183	129.12217012181623
-11.0448	2.877428	126.05233327622985
-10.8543	2.813595	125.92147753409508
-8.82182	2.7467055	131.1353550012005
-7.99263	2.6768436	133.49139947117726
-7.0686	2.6037931	136.8360574311979
-6.42553	2.527295	139.33209566263878
-5.68165	2.4475212	143.077647163089
-4.95196	2.3655553	147.77007982561022
116.985	2.2055483	98.1146718502767
100.903	2.1343656	97.88473197123328
85.8679	2.0728679	97.58597983789605
76.5116	2.0221887	97.3570198936474
57.4632	1.9385055	96.6265242919819
47.4751	4.654323	90.1962851396345
38.3052	4.589605	88.0183275808601
32.4593	4.4355087	86.33516868176572
26.2795	4.143661	84.23234213667473
21.2545	3.8126078	82.06211004660214
16.3298	3.434441	78.96826240393351
7.24005	3.318141	54.169638920182024
3.48186	3.2761474	5.908122710940628
0.391111	3.2513685	-731.3161032336859
-2.39356	3.199741	233.68125205317733
-4.54615	3.1701818	169.7333261450007
-6.35011	3.1350555	149.37009776719427
-7.44213	3.0931292	141.5624172261172
-8.05639	3.0443254	137.78771758637845
-6.42325	2.9881425	146.52071647949762
-5.75038	2.9262786	150.8884381762607
-5.31421	2.8602939	153.82349251743383
-4.69815	2.7907722	159.40150628226579
-4.07945	2.7178578	166.62314161856838
-3.43146	2.6016243	175.81682680235505
-3.02113	2.477158	181.99441930411288
-2.68671	2.3912978	189.0046906178237
133.751	1.9899775	98.51217944520259
123.334	1.9432614	98.42439213952264
113.818	1.9120948	98.32004243363862
95.3344	4.5928106	95.18241919000742
75.4936	4.4394884	94.11938053765415
66.1866	4.148735	93.73175980754357
60.3782	3.8183832	93.67589257446858
55.0614	3.5788894	93.50018733525029
42.0169	3.3836465	91.94693566050066
22.8622	3.2248154	85.8945534584804
17.6581	3.207655	81.83465418295451
12.8772	3.184424	75.27083240913703
8.48422	3.152564	62.84202654369787
4.44375	3.1201096	29.786562586414163
1.08675	3.0463119	-180.3139424680134
-3.28079	2.9845457	190.97034140367546
-5.6078	2.9181523	152.03738237335114
-7.95918	2.8113208	135.3217334936534
-9.02982	2.7351723	130.2904392090239
-9.008	2.654698	129.4704513955903
-7.4442	2.5699673	134.52308822038253
-6.31783	2.4819584	139.28498164074736
-4.96579	2.3927994	148.18567591983725
-4.27684	2.3054795	153.9061412944589
91.5769	2.2232847	97.57222406386582
148.083	1.9411323	98.68915966761489
115.025	4.595826	96.00449890515453
104.892	4.4423795	95.76480295458295
82.186	3.8219953	95.34957445882178
73.3473	3.580338	95.11865107751095
61.7101	3.379685	94.5232878521094
53.6508	3.3010364	93.84718045453592
42.1552	3.2455668	92.30090890803352
31.7479	3.209731	89.88994501245806
25.564	3.1499195	87.67829912605468
19.8688	3.1061792	84.36654294870496
12.2552	3.073433	74.92139805512763
7.79735	3.0158994	61.32147863887416
4.03543	2.9712167	26.371744470873494
-3.59212	2.8674455	179.8259881247352
-5.78699	2.8100004	148.55720053347844
-7.7466	2.748856	135.48468348553885
-9.30469	2.648794	128.46730059164622
-10.4543	2.5377605	124.27480321339068
-10.905	2.459197	122.55109678670779
-9.60834	2.3799195	124.76931437234958
-7.45158	2.302995	130.9061261286166
-6.44578	2.1966214	134.0784359561999
-5.52256	2.1334956	138.6323604378237
-4.36224	2.0747232	147.56096227924812
-3.42225	2.0255632	159.18804828522198
144.493	1.941392	98.65641170018289
134.348	4.66537	96.5273956398627
128.06	4.6008477	96.4072736025089
122.665	4.317478	96.48026579512918
103.481	3.8305583	96.29829758803467
75.3531	3.433332	95.44367227779532
37.4316	3.2087688	91.42765189882384
22.4099	3.1295695	86.0348778244588
17.0373	3.073504	81.96014935204802
12.4162	3.0345256	75.55994629216298
8.21328	2.9924865	63.56526774426375
4.52479	2.9215384	35.43261730317461
1.26625	2.8681192	-126.5049719569858
-2.88234	2.7793078	196.42540041242708
-5.05762	2.7153258	153.68781771497328
-7.92004	2.6479778	133.433894087779
-9.44519	2.5407178	126.89959612277868
-10.4771	2.4648466	123.52603796310153
-10.4786	2.3855243	122.76568294027236
-7.0113	2.2215018	131.68458521023396
-5.77158	2.1428232	137.12714954814905
-3.28855	1.9864748	160.40578900671042
-2.87018	1.9445893	167.75148073993512
59.9507	1.9133116	96.80852593671202
52.3179	1.8904374	96.38663244967636
42.321	4.6954365	88.9051897045987
36.4024	4.6461663	87.23664999034338
143.959	4.343307	96.98295521213267
130.816	3.8683639	97.04289796629176
89.8989	3.2994008	96.3298769802403
-3.56065	3.1560435	188.63672841227688
30.5741	2.8753467	90.59548084503989
22.7182	2.8188753	87.59199991940142
18.0856	2.7573714	84.75377141029331
13.7017	2.691046	80.35976762188847
7.70222	2.620553	65.97665310486911
4.00757	2.546893	36.447946887393314
0.694371	2.4712143	-255.89250526111942
-5.91777	2.2805433	138.53720042515738
-9.04007	2.2054875	124.3967950881931
-9.62999	2.0946672	121.75150250906734
-6.74638	2.0227537	129.98280203310898
-4.51169	1.9547651	143.32667491042835
-3.57987	1.8940982	152.9096880912188
-2.93253	1.8438718	162.87648002971076
-2.36676	1.7901689	175.6379602879486
-1.99962	1.7668004	188.3568097060527
161.97353492160383