32.4262	2.0192554	93.77276822298982
31.554	2.0075812	93.63763181704542
43.0496	1.958491	95.45061431819427
45.3804	1.7110682	96.22950185773608
45.6047	1.7244672	96.21866101525069
44.2014	1.7425134	96.05779065950055
42.7622	1.7619736	95.87959843187967
43.0	1.7802823	95.8598114723383
43.035	1.7961451	95.82631253818796
42.6438	1.8091948	95.75742189512735
41.9091	1.8190076	95.65963503913403
40.9126	1.8290902	95.52927447132133
39.8891	1.839324	95.38890325502683
38.801	1.8509585	95.22960789559089
37.6148	1.8621706	95.04936568086751
36.5048	1.8831881	94.84126362112015
35.6127	1.8926841	94.68536544191431
34.4126	1.9088302	94.45311120415269
33.1105	1.9214295	94.19692043025817
31.7535	1.9318705	93.91603629485597
30.5163	1.9364183	93.65447803126756
27.5692	1.9444084	92.94717155240888
25.9199	1.9481719	92.48387706590673
21.5929	1.9552526	90.94492327375443
16.5564	1.9589162	88.16822693904673
12.5439	1.9625857	84.35426365170173
10.3791	1.9662709	81.05547273224282
6.71415	1.9700224	70.65864342503188
5.1124	1.973878	61.39038640187735
1.70458	1.9776838	-16.021767315639714
0.215246	1.9813993	-820.5278051134258
-1.36499	1.9849766	245.42059179593036
-2.55501	1.9884341	177.8249014206052
-4.17277	1.9972272	147.86334211449224
-4.91141	1.9997355	140.71611644030523
-5.20427	2.0015345	138.45946704941156
-4.23016	2.0026255	147.3415982728102
-3.77979	2.002895	152.9895945321652
-3.59934	2.002313	155.63000878468617
-3.47601	2.0008538	157.56179437033362
-3.37109	1.9950649	159.18159330369318
-3.02055	1.9906296	165.90287948517278
-3.21333	1.9851332	161.77807416897994
-3.23301	1.9785393	161.19805369039915
-2.99192	1.9708515	165.87246400556154
-2.86605	1.962052	168.45840454501402
-2.68436	1.95217	172.72384759528848
-2.42607	1.9412069	180.01447569817236
-2.32626	1.9291893	182.930933370995
-2.48	1.9161484	177.26405838024957
-2.42165	1.9021134	178.54617679629376
-2.35505	2.0197654	185.76316012195434
-2.19847	2.004076	191.15775510212936
-2.01548	1.9867609	198.57508148069635
-1.88395	1.9183354	201.8251781004951
-1.83173	1.8641952	201.77238017358832
-1.91976	1.8103957	194.3032320809453
39.6351	1.7661945	95.54386558594601
52.6608	1.7544669	96.66836246432649
53.0451	1.7751054	96.65359385938828
49.611	1.794576	96.38270799753883
46.6752	1.8836266	95.96439870986555
45.2194	1.89505	95.80920995910745
44.8396	1.9156071	95.72786673145924
43.4421	1.9322801	95.55205325987177
42.2508	1.9452523	95.39594181690269
41.2775	1.9508151	95.27390639877515
40.1067	1.9557847	95.12354843394795
37.7383	1.9644008	94.79467483093124
36.4904	1.9682103	94.60621913267757
33.8821	1.9751459	94.1705343251382
32.2622	1.9785931	93.86714525674851
30.9853	1.9819745	93.60350345495453
27.6152	1.9853054	92.81082236210035
22.7234	1.9887525	91.24799829707311
17.9708	1.9955595	88.89554361525705
15.841	1.9989028	87.381457454722
7.73748	2.0109272	74.01056729315783
5.67996	2.0132754	64.55475980459276
3.81323	2.0151887	47.152711111511266
2.49492	2.0166328	19.17044302267878
1.06465	2.0175703	-89.50548498185856
-0.265535	2.0178692	859.9259518314284
-1.4959	2.0175242	234.87026636370396
-3.84396	2.0165076	152.45912651183232
-4.67254	2.0145035	143.11366832645732
-5.30496	2.007389	137.83985466648247
-5.86599	2.0022426	134.13307063078932
-5.2056	1.9959991	138.3433114095954
-4.54989	1.9886467	143.70758339271234
-4.35871	1.9706264	145.21123082610126
-3.98787	1.9599408	149.14755703564302
-3.93037	1.9481652	149.56696526034585
-3.82347	1.9353304	150.61711828223045
-3.38053	1.9214244	156.83795389665443
-3.16102	2.009429	163.56901223756114
-3.32745	1.9943103	159.93508898502523
-3.34681	1.9697767	158.85535206705393
-3.29507	1.9281303	158.51561355303073
-3.07257	1.8170425	159.13754734993609
-2.7794	1.7733941	163.8049318520398
-2.72876	1.7279196	163.3225105019559
-2.65435	1.7284817	165.11882395199706
58.6762	1.7400233	97.03453096664629
-2.35728	1.7583722	174.5932624258014
-2.1645	1.7803155	182.2506647797324
-2.21968	1.8025943	181.20965029801783
59.2874	1.9148268	96.77026575238601
55.7761	1.9265519	96.545918747696
48.9123	1.937455	96.03892227664403
47.8629	1.947398	95.9312972086014
47.2857	1.9640367	95.84645048836839
46.4042	1.9706268	95.75334394939802
45.441	1.981875	95.6385724549
41.6284	1.990999	95.21721380766424
40.4026	1.9949013	95.06244701428975
37.7388	1.998538	94.70428585868797
33.4632	2.0083213	93.99841681261105
31.6978	2.0115266	93.65405129715931
30.1068	2.0177457	93.29803909295585
28.0558	2.0209172	92.79679093233344
22.9589	2.0269334	91.1714688849684
20.562	2.0298393	90.12820477143262
16.1404	2.032524	87.40722585969777
13.8235	2.0349696	85.27891361084072
11.742	2.0371711	82.65055843391436
9.87814	2.0389776	79.35868969058738
7.77142	2.0403736	73.74516723035046
2.40872	2.0416565	15.238945158738517
0.921054	2.0413983	-121.63719764064868
-1.92232	2.0404477	206.14505305821697
-3.12653	2.0362015	165.126555091551
-5.5963	2.028213	136.242034536973
-5.92589	2.0224805	134.12956532178816
-6.46358	2.0156274	131.18438729010683
-6.80706	1.9984586	129.35861377012642
-6.51753	1.9881791	130.50509534833682
-5.81448	1.9642518	133.7820678099317
-5.32048	1.93599	136.3875045875753
-5.0161	1.92032	138.28312954084234
-5.00629	2.0251067	140.45125079638908
-4.57791	2.0167334	144.05358930138857
-4.11438	2.002851	148.67929229713693
-3.96662	1.978791	149.88606863771028
-3.866	1.9365544	150.09193546367882
-3.53127	1.8806626	153.2573954069955
-3.18142	1.7826653	156.03364038380846
-3.1197	1.7564527	156.30197088720877
-2.79174	1.7513914	162.73476212200688
-2.574	1.7869878	169.42454792630477
-2.564	1.8103309	170.60572176718014
65.3554	1.8528124	97.16501816486372
65.8073	1.931972	97.06419713468006
65.2817	1.9669955	96.98691174523347
65.3838	1.9767739	96.97666331971409
524.606	1.985428	99.62154216130152
58.784	1.992903	96.60978387037973
52.3293	2.0044403	96.1695640675058
50.2793	2.0094404	96.00344207622567
36.788	2.0219564	94.50375802864299
46.3894	2.0255015	95.63369815050989
44.876	2.0289037	95.4788662402688
43.2615	2.0321798	95.3025652728397
38.5922	2.0417702	94.70936906983829
35.1747	2.0539804	94.1606277174187
31.3422	2.0566907	93.43795183388075
28.4113	2.0592346	92.75205790877692
26.0225	2.061457	92.07817560640092
23.2061	2.0633729	91.10848645645319
18.5003	2.0648744	88.8386960751009
15.8394	2.0659065	86.95716702245163
9.36872	2.0663497	77.94415916830681
7.05886	2.0641577	70.7579193085528
5.39888	2.0619087	61.80858400151489
3.60962	2.0588088	42.96328284492231
0.354563	2.0548024	-479.5309805029099
-1.2523	2.0498333	263.685479389254
-6.05051	2.0286145	133.5279925925453
-6.81164	1.9959162	129.30155482895256
-8.50375	1.953012	122.96648539144189
-8.50716	2.0350082	123.92112509702476
-7.43374	2.031912	127.33364751547546
-6.88566	2.0243363	129.3992995701744
-6.52723	1.9455813	129.80714672428348
-6.50738	1.836235	128.2177246003049
-6.10756	1.797404	129.42917045126816
-5.81926	1.7754562	130.50999465497551
-5.5385	1.7765499	132.07637212188712
-5.10992	1.7933521	135.095502832653
-4.8427	1.8389133	137.97289609032325
-4.61821	1.8608725	140.29423377464408
-4.4032	1.8790948	142.67566800733795
-3.8651	1.9284669	149.89435831714513
72.5515	2.010089	97.22943549955991
66.6764	2.0287185	96.95736862755822
73.597	2.03631	97.2331640077765
71.8796	2.0468585	97.15237741130488
71.7785	2.0503564	97.14349853191148
58.0885	2.0607257	96.45243700366284
56.0951	2.0640943	96.32036572065245
54.0853	2.0673919	96.17753728857325
52.8324	2.073442	96.07543760704657
51.3689	2.07607	95.9585101762217
48.0256	2.078438	95.67222942259669
38.986	2.0828838	94.65734946153336
34.5888	2.0833023	93.97694735534914
26.3447	2.0821447	92.09652908549754
20.5816	2.0804431	89.89173626218017
18.6337	2.0779097	88.84864769420923
16.1549	2.074498	87.15870585207242
13.6194	2.0701337	84.80011450197802
10.9698	2.0647836	81.1775597472204
7.25075	2.0583858	71.61140805311088
5.25096	2.0509243	60.941916322475876
3.44548	2.0423286	40.724411926851886
1.73024	2.0326142	-17.475855716136596
-1.66146	2.0217335	221.68415673668505
-3.03259	2.0096881	166.26970462287977
-4.42318	1.9964767	145.1366800268346
-6.3967	1.981846	130.98231721080487
-7.20187	1.9659973	127.29843367884457
-7.81823	1.9490823	124.92996317337314
35.1533	1.9948354	94.32532698326368
45.148	1.8224592	95.96336444005493
39.5466	1.7475182	95.58112045794964
37.9354	1.7250649	95.45262891575545
35.755	1.7396466	95.13453542259174
33.1803	1.7691095	94.66819276163751
29.7568	1.8185786	93.88852719863358
26.547	1.8377655	93.07731691443925
24.6231	1.8592479	92.44917501678596
22.4123	1.8784677	91.61858644313008
19.9702	1.8943434	90.51414422888108
17.147	1.90619	88.88324494219444
12.149	1.914466	84.24178222251876
8.62067	1.9202404	77.72516137083011
4.76067	1.9249537	59.565489221641876
1.99554	1.9298904	3.289817687818668
-0.768508	1.9372863	352.0840738593508
-3.34536	1.9518151	158.34395529986656
-4.78348	1.9625496	141.02765387868538
-3.53235	1.978382	156.0075325245094
-3.25986	1.9877944	160.9779062790448
-2.4776	1.9955078	180.54196151430048
-2.65713	2.000886	175.30253316992096
-2.3965	2.0033395	183.59437505285203
-2.47872	2.0023727	180.78252258811975
-2.09124	1.9975957	195.52207564309768
-2.03616	1.9887744	197.6727912945182
-1.9164	1.9758132	203.1002502623799
-1.69044	1.9587165	215.87021389112144
-1.56575	1.9376011	223.7490790449522
-1.56961	2.0539289	230.85600701701995
23.4674	2.0265517	91.36439386082664
41.836	1.9450556	95.3507577603324
46.1574	1.8224592	96.0516401602164
39.5466	1.7475182	95.58112045794964
37.9354	1.7250649	95.45262891575545
35.755	1.7396466	95.13453542259174
33.1803	1.7691095	94.66819276163751
30.91	1.797032	94.18624583804926
27.6894	1.8377655	93.362930368211
24.6231	1.8592479	92.44917501678596
22.4123	1.8784677	91.61858644313008
19.9702	1.8943434	90.51414422888108
17.147	1.90619	88.88324494219444
12.149	1.914466	84.24178222251876
8.62067	1.9202404	77.72516137083011
4.76067	1.9249537	59.565489221641876
1.99554	1.9298904	3.289817687818668
-0.768508	1.9372863	352.0840738593508
-3.34536	1.9466603	158.18985868680636
-4.78348	1.9625496	141.02765387868538
-3.53235	1.9732485	155.8622006985809
-3.28955	1.9919075	160.55257765373162
-2.37418	1.9985273	184.17757804176787
-2.49956	2.0025158	180.11473767194792
-2.39353	2.0033088	183.69683536284595
-2.24608	1.9975957	188.9369860675518
-2.03616	1.9887744	197.6727912945182
-1.9164	1.9758132	203.1002502623799
-1.69044	1.9587165	215.87021389112144
-1.56575	1.9376011	223.7490790449522
-1.56961	2.0590606	231.18294947391718
45.148	1.7475182	96.12935970995862
37.9354	1.7250649	95.45262891575545
35.755	1.7396466	95.13453542259174
33.1803	1.7691095	94.66819276163751
30.91	1.797032	94.18624583804926
28.7607	1.8185786	93.67686215629931
25.6623	1.8487173	92.79598193488006
23.4378	1.8692192	92.02476823823133
21.3287	1.8868717	91.15336885766993
18.537	1.9007564	89.74614679473969
12.149	1.914466	84.24178222251876
8.62067	1.9202404	77.72516137083011
3.4818	1.9273285	44.64563089643959
0.545876	1.9332535	-254.1561515917836
-2.18824	1.9417778	188.73696032661942
-4.04784	1.9518151	148.21868135182078
-4.78348	1.9679478	141.14050630577017
-3.43456	1.978382	157.6021917604341
-3.25986	1.9877944	160.9779062790448
-2.37418	1.9985273	184.17757804176787
-2.49956	2.0025158	180.11473767194792
-2.39353	2.0033088	183.69683536284595
-2.24608	2.0004752	189.06519252942073
-2.07929	1.9937	195.88369639225178
-1.98934	1.9828142	199.67196381211104
-1.78597	1.9677751	210.17962992702746
-1.64367	1.9486527	218.55499628919222
-1.64166	1.9255843	217.2949542241724
35.1533	1.9948354	94.32532698326368
45.148	1.8826721	95.8300004300702
42.4044	1.7780458	95.80693121546044
38.5791	1.729708	95.51645954625997
34.4871	1.7537102	94.914876093209
32.0712	1.7837484	94.43816086381399
29.7568	1.8092262	93.9199544033116
27.6894	1.8280606	93.39797840082329
25.6623	1.8487173	92.79598193488006
23.4378	1.8692192	92.02476823823133
21.3287	1.8868717	91.15336885766993
18.537	1.9007564	89.74614679473969
14.6968	1.9107192	86.99908219685112
10.4636	1.9175818	81.6737879014353
6.6702	1.9226464	71.17557854806078
3.4818	1.9273285	44.64563089643959
0.545876	1.9332535	-254.1561515917836
-2.18824	1.9417778	188.73696032661942
-4.04784	1.9518151	148.21868135182078
-4.78348	1.9625496	141.02765387868538
-3.53235	1.9732485	155.8622006985809
-3.28955	1.9877944	160.42755385391118
-2.37418	2.000886	184.27691492888204
-2.3965	2.0033395	183.59437505285203
-2.47872	2.0023727	180.78252258811975
-2.09124	1.9975957	195.52207564309768
-2.03616	1.9887744	197.6727912945182
-1.9164	1.9758132	203.1002502623799
-1.69044	1.9486527	215.27488676478916
-1.64166	1.9255843	217.2949542241724
35.1533	1.9948354	94.32532698326368
45.148	1.8826721	95.8300004300702
42.4044	1.7780458	95.80693121546044
38.5791	1.729708	95.51645954625997
34.4871	1.7537102	94.914876093209
32.0712	1.7837484	94.43816086381399
29.7568	1.8092262	93.9199544033116
27.6894	1.8280606	93.39797840082329
25.6623	1.8487173	92.79598193488006
23.4378	1.8692192	92.02476823823133
21.3287	1.8868717	91.15336885766993
17.147	1.90619	88.88324494219444
12.149	1.914466	84.24178222251876
8.62067	1.9202404	77.72516137083011
4.76067	1.9249537	59.565489221641876
1.99554	1.9298904	3.289817687818668
-0.768508	1.9372863	352.0840738593508
-3.34536	1.9466603	158.18985868680636
-4.78348	1.9625496	141.02765387868538
-3.53235	1.9732485	155.8622006985809
-3.28955	1.9919075	160.55257765373162
-2.65713	2.000886	175.30253316992096
-2.3965	2.0033395	183.59437505285203
-2.24608	2.0004752	189.06519252942073
-2.07929	1.9937	195.88369639225178
-1.98934	1.9828142	199.67196381211104
-1.78597	1.9677751	210.17962992702746
-1.64367	1.9376011	217.88261953076503
-1.56961	2.0590606	231.18294947391718
45.148	1.8224592	95.96336444005493
39.5466	1.7475182	95.58112045794964
37.9354	1.7294796	95.44098433139723
34.4871	1.7537102	94.914876093209
32.0712	1.7837484	94.43816086381399
29.7568	1.8092262	93.9199544033116
27.6894	1.8280606	93.39797840082329
24.6231	1.8592479	92.44917501678596
22.4123	1.8784677	91.61858644313008
14.6968	1.9107192	86.99908219685112
10.4636	1.9175818	81.6737879014353
6.6702	1.9226464	71.17557854806078
3.4818	1.9298904	44.572050369604256
-0.768508	1.9417778	352.6685267878783
-4.78348	1.9625496	141.02765387868538
-3.53235	1.9732485	155.8622006985809
-3.28955	1.9832646	160.2898464801959
-3.02548	1.9919075	165.83772945526334
-2.37418	1.9985273	184.17757804176787
-2.49956	2.0025158	180.11473767194792
-2.24608	2.0004752	189.06519252942073
-2.07929	1.9937	195.88369639225178
-1.98934	1.9828142	199.67196381211104
-1.78597	1.9677751	210.17962992702746
-1.64367	1.9486527	218.55499628919222
-1.64166	1.9255843	217.2949542241724
23.4674	2.0265517	91.36439386082664
41.836	1.9450556	95.3507577603324
46.1574	1.8224592	96.0516401602164
39.5466	1.7475182	95.58112045794964
37.9354	1.7250649	95.45262891575545
35.755	1.7396466	95.13453542259174
32.0712	1.7837484	94.43816086381399
28.7607	1.8185786	93.67686215629931
26.547	1.8377655	93.07731691443925
23.4378	1.8692192	92.02476823823133
19.9702	1.8943434	90.51414422888108
14.6968	1.9107192	86.99908219685112
10.4636	1.9175818	81.6737879014353
6.6702	1.9226464	71.17557854806078
3.4818	1.9273285	44.64563089643959
0.545876	1.9332535	-254.1561515917836
-2.18824	1.9417778	188.73696032661942
-4.04784	1.9518151	148.21868135182078
-4.78348	1.9625496	141.02765387868538
-3.53235	1.9732485	155.8622006985809
-3.28955	1.9832646	160.2898464801959
-3.02548	1.9919075	165.83772945526334
-2.37418	1.9985273	184.17757804176787
-2.49956	2.0025158	180.11473767194792
-2.39353	2.0033088	183.69683536284595
-2.24608	2.0004752	189.06519252942073
-2.03616	1.9887744	197.6727912945182
-1.9164	1.9758132	203.1002502623799
-1.69044	1.9587165	215.87021389112144
-1.56575	1.9376011	223.7490790449522
35.1533	1.9948354	94.32532698326368
45.148	1.8826721	95.8300004300702
42.4044	1.7780458	95.80693121546044
38.5791	1.7250649	95.52850311669408
34.4871	1.7537102	94.914876093209
30.91	1.797032	94.18624583804926
28.7607	1.8185786	93.67686215629931
26.547	1.8377655	93.07731691443925
24.6231	1.8592479	92.44917501678596
21.3287	1.8868717	91.15336885766993
17.147	1.90619	88.88324494219444
12.149	1.914466	84.24178222251876
8.62067	1.9202404	77.72516137083011
4.76067	1.9249537	59.565489221641876
0.545876	1.9332535	-254.1561515917836
-3.34536	1.9466603	158.18985868680636
-4.78348	1.9625496	141.02765387868538
-3.53235	1.9732485	155.8622006985809
-3.28955	1.9877944	160.42755385391118
-2.4776	1.9955078	180.54196151430048
-2.65713	2.000886	175.30253316992096
-2.3965	2.0033395	183.59437505285203
-2.47872	2.0023727	180.78252258811975
-2.07929	1.9937	195.88369639225178
-1.98934	1.9828142	199.67196381211104
-1.78597	1.9677751	210.17962992702746
-1.64367	1.9486527	218.55499628919222
-1.64166	1.9255843	217.2949542241724
23.4674	2.0265517	91.36439386082664
45.148	1.8826721	95.8300004300702
42.4044	1.7780458	95.80693121546044
38.5791	1.729708	95.51645954625997
33.1803	1.7691095	94.66819276163751
30.91	1.797032	94.18624583804926
28.7607	1.8185786	93.67686215629931
26.547	1.8377655	93.07731691443925
24.6231	1.8592479	92.44917501678596
19.9702	1.8943434	90.51414422888108
17.147	1.90619	88.88324494219444
12.149	1.914466	84.24178222251876
8.62067	1.9202404	77.72516137083011
4.76067	1.9249537	59.565489221641876
1.99554	1.9298904	3.289817687818668
-0.768508	1.9372863	352.0840738593508
-3.34536	1.9466603	158.18985868680636
-4.58524	1.957146	142.6836155988829
-3.53235	1.978382	156.0075325245094
-3.25986	1.9877944	160.9779062790448
-2.4776	1.9955078	180.54196151430048
-2.65713	2.000886	175.30253316992096
-2.3965	2.0033395	183.59437505285203
-2.47872	2.0023727	180.78252258811975
-2.09124	1.9937	195.3357861825664
-1.98934	1.9828142	199.67196381211104
-1.78597	1.9677751	210.17962992702746
-1.56575	1.9376011	223.7490790449522
-1.56961	2.0590606	231.18294947391718
35.1533	1.9948354	94.32532698326368
46.1574	1.7780458	96.14786421523841
38.5791	1.7250649	95.52850311669408
35.755	1.7396466	95.13453542259174
33.1803	1.7691095	94.66819276163751
30.91	1.797032	94.18624583804926
28.7607	1.8185786	93.67686215629931
25.6623	1.8487173	92.79598193488006
23.4378	1.8692192	92.02476823823133
21.3287	1.8868717	91.15336885766993
18.537	1.9007564	89.74614679473969
14.6968	1.9107192	86.99908219685112
10.4636	1.9175818	81.6737879014353
6.6702	1.9226464	71.17557854806078
3.4818	1.9273285	44.64563089643959
0.545876	1.9372863	-254.89491476565468
-3.34536	1.9466603	158.18985868680636
-4.58524	1.957146	142.6836155988829
-3.85402	1.9679478	151.06221294342592
-3.43456	1.978382	157.6021917604341
-3.02548	1.9919075	165.83772945526334
-2.65713	2.000886	175.30253316992096
-2.3965	2.0004752	183.4748722846498
-2.03616	1.9887744	197.6727912945182
-1.9164	1.9758132	203.1002502623799
-1.69044	1.9587165	215.87021389112144
-1.56575	1.9376011	223.7490790449522
-1.56961	2.0283244	229.22472759795193
45.9835	1.9113704	95.8433584565971
55.6203	1.7829157	96.79448508311907
51.2717	1.6849713	96.71364359648761
46.4709	1.7660766	96.19961077216118
41.9194	1.7968094	95.71365481900449
38.9126	1.8287169	95.30045227266154
34.4743	1.8519859	94.62792308838847
31.3872	1.872897	94.03292988814003
25.6705	1.8977643	92.60721754310491
20.1152	1.9094186	90.50758579569924
15.8323	1.9177014	87.88740929212469
11.4341	1.923809	83.17481020721175
7.55306	1.929151	74.45868238560624
3.55496	1.9388552	45.46056314498232
-0.504935	1.9479363	485.7795945040515
-2.75982	1.9580694	170.94916826227478
-4.59676	1.9685723	142.82521225912086
-5.3474	1.9786818	137.00269236335606
-4.16469	1.9876543	147.72634219327986
-3.89809	1.9947124	151.1715330132392
-3.51248	2.0001957	156.94539840700867
-3.3516	1.9995058	159.65824677831517
-3.19926	1.9907995	162.22687958097782
-2.62992	1.9636089	174.66420033426758
-2.50581	1.9314523	177.07896829810556
-1.9747	2.0389864	203.25549363645626
48.6734	2.0089011	95.87269503990771
58.1974	1.8806233	96.76854482918601
59.2065	1.7810357	96.99182294738183
51.5036	1.7352537	96.63081348841895
48.0345	1.7519073	96.35281444757273
45.5379	1.7863115	96.07730672293089
42.6544	1.8166673	95.74096539894353
39.6632	1.8488574	95.33860641098268
35.4987	1.870156	94.73176376250824
32.5454	1.8912127	94.1890020149841
29.0931	1.9093118	93.43723659151875
24.8772	1.9236543	92.26739898290377
19.9589	1.9339092	90.31054607838603
15.6283	1.9409363	87.58063177576025
10.9434	1.9478993	82.20023255799767
7.4184	1.9588816	73.5942867985575
0.455661	1.970995	-332.55729475090203
-3.33288	1.98413	159.53199316236967
-5.19563	1.9927312	138.35398336971662
-6.18311	2.0007174	132.3577792786908
-5.0695	2.0075166	139.5998988666899
-4.3124	2.0142288	146.7078398161472
-3.66341	2.0152252	155.00954576353254
-3.52557	2.011908	157.06617943815618
-3.26157	2.004358	161.45378777334764
-2.88696	1.992435	169.01498316759697
-2.61648	1.9662114	175.14720055824907
-2.13416	1.9300025	190.43380883883444
44.2847	2.0229058	95.43204012621966
68.6148	1.7729443	97.41609448356971
66.3472	1.9079313	97.12432700954203
55.8945	1.9325453	96.54251369467735
51.7204	1.9439545	96.24141653684971
47.0733	1.9517059	95.85390028495178
41.9741	1.9593889	95.33190987614759
38.8466	1.9658588	94.93943232925183
32.7148	1.9735522	93.96740131079926
27.2816	1.986876	92.71715931355139
21.7603	1.9962934	90.8259810263498
17.1613	2.0099952	88.28762749147982
10.694	2.0179248	81.13030469064354
6.56701	2.024253	69.17542512651377
3.16388	2.0294402	35.85597133442977
-3.85844	2.0222585	152.41129374602605
-5.77938	2.012585	134.82354059383982
-7.41326	1.9898666	126.84199310556114
-5.71086	1.9568561	134.26552791828627
-4.83633	1.929484	139.89562159065218
-3.93803	2.0009167	150.8100932991752
-3.97382	1.838717	146.27077309976613
-2.98222	1.7728568	159.4475588561453
-2.87151	1.7607344	161.31737449711417
-2.47237	1.783393	172.1329416730449
64.8529	1.8691729	97.11782941012534
68.9549	1.8990004	97.2460231220051
64.9935	1.9167408	97.05087366478112
56.0753	1.9309766	96.55645725320265
52.8376	1.9413012	96.32591296261802
45.3805	1.9482955	95.70675607541416
35.2801	1.9576137	94.45122094288708
31.7841	1.9646435	93.81878516482996
27.5475	1.9733142	92.83668484778323
22.3196	1.9882786	91.09177844483006
17.2128	2.0037162	88.35914797820679
12.8868	2.0131948	84.37785123411606
8.35884	2.0212584	75.81891318750664
4.74736	2.0273411	57.29540145698004
1.29762	2.0307922	-56.50129818159035
-3.23233	2.0298855	162.7994504835929
-7.61598	2.0086784	126.37452300507367
-7.6247	1.9828486	126.00559531786902
-6.44203	1.9470979	130.224910354735
-5.74524	2.0605447	135.86525352815696
-4.84687	2.0480933	142.25599906656646
69.733	1.9595383	97.1899369412226
-4.16919	1.844524	144.24178168166364
-3.3504	1.7669857	152.73955075631577
-3.09607	1.7742817	157.30754507653288
71.8341	1.8154609	97.47270414050794
62.9409	1.9307704	96.93240657837391
40.6885	1.9371051	95.239187245447
54.0067	1.9415013	96.40507257903425
45.9356	1.9484301	95.75834625920403
18.6205	1.9563234	89.49371088670377
33.6756	1.9659954	94.16195733142906
23.9487	1.9766285	91.7464026805955
14.3933	1.9983212	86.1163074113321
4.3365	2.0214636	53.384905930088074
1.10776	2.0241172	-82.72164711483289
-1.78611	2.0232878	213.27900323146727
-4.1893	2.0146081	148.08936761170182
-5.77508	1.9961791	134.56539187915075
-5.74346	1.9782889	134.44420377107042
-4.5804	1.9431771	142.42374524961235
-4.41029	2.0507677	146.49961812285977
-4.06255	2.008417	149.43733908778214
-3.2509	1.9040818	158.57090545301546
-2.70854	1.7688279	165.30558675544256
-2.15821	1.7735385	182.1763553544894
56.1218	1.8319204	96.73581274814364
73.7384	1.8639255	97.47225050284324
74.6189	1.8898383	97.4673450541325
61.3155	1.917418	96.87286332961914
56.2842	1.9229599	96.58348450123741
51.512	1.9286172	96.2559878645353
41.7113	1.933115	95.3654838912943
36.4317	1.9409254	94.67242673359056
32.2066	1.9507806	93.94291587106454
24.2858	1.961828	91.92191257288093
18.9617	1.979096	89.56266888982951
14.6209	1.9995246	86.32420647538912
4.35891	2.0119805	53.8421189028209
1.04486	2.0116065	-92.52401704476287
-1.76108	1.9878501	212.87675294337444
-5.15965	1.970486	138.1903079042971
-7.11929	1.9486489	127.37139467280919
-5.36605	2.0641575	138.46698364284214
-4.78993	2.0365927	142.51822087161733
-4.57095	1.8461934	140.38970675602496
-3.23299	1.7709925	154.77878072524751
-3.001	1.7937162	159.77060970170587
-2.61029	1.816752	169.59962003406906
-2.41788	1.8320374	175.77040236560828
56.7199	1.9017919	96.64704860472422
74.7897	1.9117444	97.44384176171059
68.1582	1.916018	97.18887010344729
52.0146	1.9397784	96.27070588394915
47.9865	1.9518131	95.93257946958087
44.4333	1.9698584	95.56670317961408
32.3303	1.990196	93.84417631030038
11.8912	2.0019937	83.16406988403962
7.63657	1.998311	73.83234817653997
2.054	1.9905194	3.0905793316386343
-0.832266	1.9613307	335.66153547785143
-3.43419	1.9275589	156.12847981437426
-6.37943	2.0068781	131.45857790862655
-7.80585	1.8997842	124.3379527031493
-6.74242	1.7608044	126.11531356701754
-5.46095	1.7641151	132.30418455731973
-4.45789	1.7880092	140.10886659814503
-4.15525	1.8113052	143.5907590274301
-2.99466	1.8248564	160.93701260951582
-2.54674	1.8374064	172.14739610414048
71.0964	1.8833852	97.35094213846561
75.0351	1.89061	97.4803662958448
62.4554	1.9001497	96.95758838643886
57.8701	1.9136311	96.6932293160471
53.7343	1.9253337	96.41693485021146
49.7072	1.9381549	96.10085427633932
45.4619	1.9575382	95.69411164899135
39.5341	1.9694564	95.01833672709371
29.1017	1.9797288	93.19720596956076
18.8421	1.9876595	89.45096651002304
13.9767	1.993773	85.7350266436821
9.77687	1.9931735	79.61337682362038
2.15403	1.9883355	7.692306415174367
-1.04024	1.9789922	290.2438023755221
-3.8503	1.965004	151.03508015720033
-6.83425	1.9463563	128.47944257444692
-8.00341	1.923161	124.02926341939119
-8.70418	2.0646906	123.72067955780403
-6.89923	2.0363011	129.51491125623016
-4.52201	1.7987261	139.77713763776526
-3.60644	1.7718647	149.130565908611
-3.06062	1.801999	158.8769207795082
-2.54692	1.8262131	171.70280486216924
-2.37372	1.8515067	178.00020751091066
-2.02096	1.8679969	192.4311636814207
71.5199	1.9037457	97.33815675612017
63.3009	1.899826	96.99873767254104
59.0064	1.9001379	96.77977504002735
54.646	1.9052163	96.51353032201264
50.2849	1.9139894	96.19370825947883
38.9318	1.9397548	95.01755776995255
32.8603	1.9655287	94.01853118074605
19.7788	1.9762474	90.00825185705358
15.4685	1.9843155	87.17189220302126
11.0514	1.9890879	82.00148374648663
3.34015	1.9866931	40.520842664728946
0.235896	1.9788101	-738.8484902733061
-2.64084	1.9662045	174.45375726561656
-4.9794	1.948826	139.13776307129316
-8.17808	1.913974	123.40370723579642
-8.18949	2.051949	125.05588774496486
-4.81996	1.8997873	139.41500302378597
-4.0754	1.7740369	143.53037587578785
-3.34766	1.76578	152.7466928526418
-2.79353	1.7967829	164.31944452267894
-2.72077	1.8454335	167.82761185502363
-2.31263	1.8807107	181.32346681240054
-1.83455	1.9054708	203.8658365758957
54.832	1.9529308	96.43833815225952
65.2064	2.0150962	96.9096671207583
73.1463	2.0205338	97.23768575359908
72.005	2.0318558	97.17817818252674
63.0295	2.0435314	96.75782047902884
53.1042	2.0489216	96.14169208459741
48.2363	2.0534472	95.74294118154124
42.4927	2.0565956	95.1601218255592
36.7196	2.057796	94.39591814642759
28.3257	2.0522604	92.75477961662062
20.7367	2.0488877	90.11951155642618
15.8736	2.0446377	87.11925663197049
11.4911	2.0394604	82.25182857216839
6.9789	2.0333426	70.8644288592353
1.23488	2.0262527	-64.08499570032563
-3.09772	2.0181708	165.15019612047584
-5.37802	2.00909	137.35742927377473
-6.98748	1.998989	128.60815427634918
-7.83528	1.9878799	125.37088967818627
-5.28753	1.9757558	137.36632627976056
42.6805	1.9339557	95.46875939865416
61.1757	1.7028146	97.21651574440182
51.2533	1.7973831	96.4931382666164
60.0394	1.8204277	96.96794605592946
67.4686	1.8449775	97.26542657875322
63.2204	1.8670144	97.04681434073285
56.9166	1.9004483	96.66099543944861
34.7919	1.9410119	94.42107703008874
-1.03205	1.9549894	289.4277919524461
23.6737	1.9697887	91.67941860660916
18.6548	1.9826908	89.3716857481958
13.9118	1.9909022	85.68911361582936
7.73782	1.99245	74.25049692233222
3.84737	1.9900765	48.27436433660475
-4.28884	1.9641373	145.79647732148263
-5.65398	1.9452722	134.40535773246
-5.25797	1.9216257	136.54691195837907
-4.48621	1.8934176	142.2052782532463
-4.26095	2.0169125	147.33480605112436
-3.78434	1.9875865	152.52135242257887
-3.55336	1.8791867	152.8847805456193
-3.11851	1.7920032	157.4634332363989
-2.74434	1.751309	163.81530548027226
-2.81671	1.7561305	162.34687625961368
-2.36641	1.7882292	175.56717619556125
50.1165	1.8504454	96.30771350323572
47.254	1.8710424	96.04045351738988
36.2469	1.9331374	94.66675478932808
53.7384	1.9662926	96.34099014289498
53.9772	1.9753296	96.3404356485912
52.5533	1.9828732	96.2269314222186
44.1392	2.0019212	95.46452431313028
40.5769	2.0079892	95.05140128444219
27.7859	2.01875	92.73462717192847
22.7956	2.0226264	91.12711752371676
18.1685	2.024928	88.85473738093441
9.35044	2.022325	78.37187305162541
5.37458	2.0162868	62.484754435397974
1.76204	2.0059323	-13.841474053659063
-1.08586	1.9909887	283.35593039475657
-3.47854	1.9713681	156.67229195998863
-5.29135	1.9470596	136.79703048591188
-6.65381	1.9180238	128.8259445232069
-5.62847	1.9951699	135.44782394283448
-4.87435	1.8994329	138.96791636833876
-4.44162	1.7795982	140.06642366860652
-4.31611	1.7745613	141.11483141154227
-3.31309	1.8639071	156.25887163937352
-3.24711	1.8864472	158.09619919165107
-3.04351	1.9071623	162.66324784342933
-2.61438	1.9284223	173.76213624107018
73.0022	1.9773196	97.29142699244525
66.0703	1.9854419	96.99495355986386
58.9848	1.9920912	96.62270248344528
55.624	1.9987613	96.40665862999809
48.2367	2.0126028	95.82765023949065
44.4168	2.0199246	95.45234213685495
40.3506	2.0273173	94.97574512643051
35.3448	2.0378547	94.23436178386598
29.5458	2.043794	93.08262195145569
24.2709	2.0508614	91.55012258602044
19.4131	2.050962	89.43516221910768
14.5233	2.0480769	85.89799421936775
10.2881	2.0371113	80.19934454068951
5.87898	2.0247595	65.55934063393845
2.52263	2.0079873	20.401038610289305
-0.453045	1.9862212	538.4158633118418
-3.19175	1.944213	160.91369572508603
-8.38241	2.0305617	124.22407678898479
-7.04804	1.9639716	127.86550074958674
-6.4545	1.8572903	128.77512140157688
82.3256	1.8008955	97.8124718214895
-5.28878	1.7989647	134.0147336092474
-4.78813	1.8302333	138.22439340349328
-4.24298	1.8658171	143.97421313631313
-3.71369	1.888421	150.85025402300732
-3.34374	1.9046263	156.9609592017262
86.1445	1.9627261	97.72159248514676
62.8416	1.9903312	96.8327830774524
58.151	1.997874	96.56433220396622
47.0488	2.015694	95.7157385446101
42.1313	2.0250008	95.1935937520938
36.8732	2.0338433	94.48422153822726
30.6983	2.0416365	93.34934683670141
25.0121	2.0478275	91.81265567873947
17.3345	2.0518095	88.16343484513554
12.0037	2.0524445	82.90156856488929
4.21084	2.040785	51.53496772422615
0.677534	2.0286958	-199.42347824878286
-2.38927	2.012063	184.21244695686448
-4.83395	1.9907606	141.18289981541852
-8.35226	1.934247	123.15836792940472
-9.30085	2.0391898	121.92477366147122
-8.02172	1.9722102	124.58587369045019
-7.55622	1.8676482	124.71669844436722
-7.0246	1.8147465	125.83416634683383
-6.24357	1.8113319	129.0111629892662
-5.46428	1.8378755	133.6343548097435
-5.34529	1.8669921	134.92779498382052
-4.79771	1.8872386	139.33623594112504
-4.08793	1.9029219	146.54977113641868
56.0388	1.9483724	96.52317338694718
97.0563	1.9573874	97.98324283333476
95.8414	1.9594722	97.95550497670617
91.2785	1.9644281	97.84787032090121
83.023	1.9763777	97.61947974410198
2.63443	1.991339	24.41101035331596
69.4194	2.0019264	97.11619155637909
60.8467	2.0121677	96.69305167699993
36.8755	2.0371041	94.47572080249591
25.2835	2.02767	91.98026439071818
20.0341	2.0165179	89.93457314503794
15.1322	2.000751	86.77818517145555
8.13978	1.980266	75.67174931794041
-0.242076	2.0673454	954.0067385042391
-2.8955	2.0570297	171.04230709153452
-4.89162	2.0187688	141.26994169014077
-6.50693	1.9206965	129.51771069383523
-7.62844	1.8346294	124.04985923863724
-6.03271	1.8081512	129.97245388099918
-5.29886	1.8213258	134.37203009399764
-4.88543	1.8482192	137.83125432080402
-4.16879	1.8674824	144.796745493839
-4.01302	1.8747394	146.71641686410018
-3.55835	1.8879293	153.05631525295948
-3.15555	1.9009528	160.24156848001442
-2.75846	1.9126751	169.33850310549343
77.8423	1.9210101	97.5321735506588
64.1981	1.9289268	96.99534961548257
105.14	1.944537	98.15052852097575
102.61	1.9548802	98.0948448015651
86.1792	1.9834455	97.6984652539732
70.1312	2.0029821	97.14394874718744
58.8274	2.013603	96.57709978114615
53.6246	2.0140421	96.24418285444209
35.3327	1.9823258	94.38954120783761
25.9238	1.9627599	92.4287370883808
20.8764	1.938455	90.71460796769667
15.6541	1.9095567	87.80155781645439
8.56063	2.0582418	75.95688773461197
4.51917	2.0185852	55.33283122582535
1.28018	1.9176593	-49.79606903035387
-2.97536	1.8271027	161.40778636176714
-5.21129	1.7955791	134.45555701245152
-6.81012	1.8055925	126.51337987770077
-7.98633	1.8335419	122.95850362670245
-8.22409	1.8621912	122.64312873198993
-6.60642	1.8747911	128.3783146863075
-5.92287	1.8844104	131.81583135680012
-5.24188	1.8932872	136.11847664413207
-4.16436	1.8955309	145.51793503850092
-3.80427	1.8949128	149.81015920705755
-3.26959	1.8950065	157.95854263203665
66.9804	1.9082556	97.15102249564457
106.033	1.9191732	98.19002174204454
109.621	1.9315342	98.23798927690817
101.797	1.9442675	98.09005439364161
86.4771	1.956679	97.73734274652956
77.9074	1.9678286	97.47414649728996
65.375	1.9771041	96.97574885351936
60.1236	1.9837415	96.70056057845417
51.6415	1.9871775	96.151973010692
41.1326	1.9868168	95.16972800042736
28.6105	1.9730595	93.10372528473397
17.175	1.9402922	88.70280963849106
12.5485	1.9166641	84.72595039875192
8.43943	1.8883915	77.6241826549735
4.47163	2.0658169	53.80170464191174
1.14074	2.044355	-79.21304147955199
-1.79487	1.9715286	209.8424191448442
-4.24565	1.8589516	143.78485390406965
-6.20298	1.7970226	128.97031438913604
-7.75676	1.7841663	123.00143141634605
-9.01174	1.8191642	120.18660470073847
-9.83813	1.8455881	118.7595379500267
-8.19943	1.8598425	122.68257909126204
-6.5888	1.8739822	128.44193124550623
-5.79029	1.8866241	132.5825541677187
-5.37277	1.8963616	135.29579503555132
-4.59725	1.9010797	141.35254034484748
-3.68033	1.9005028	151.63946984349937
-3.42806	1.895057	155.2807468685854
82.7507	1.8817186	97.7260356066124
67.6384	1.8715413	97.23301562235632
103.036	1.9237502	98.13293239941696
95.4883	1.9368823	97.97160270958997
89.0192	1.9480388	97.81166745586727
73.4218	1.9627856	97.32670154086718
61.4626	1.9518033	96.82440200664695
54.6722	1.9390494	96.45331851705998
40.9141	1.8853759	95.39186748150603
34.7492	2.0700192	94.0429741316945
28.6122	2.0451553	92.85215891465607
20.3657	1.9122846	90.6102669053744
15.5629	1.8161473	88.3302735855144
11.1075	1.7781867	83.99111603977587
6.86759	1.7849483	74.00910127353951
1.51232	1.8162016	-20.093731328224393
-1.37395	1.8501103	234.65630381532196
-3.92548	1.8731184	147.71692770258912
-5.90196	1.8944385	132.09846051326028
-7.72531	1.9159102	124.80043236439589
-9.5031	1.9363064	120.3755187173793
-8.76331	1.9538398	122.29567601338861
-7.14243	1.9678493	127.55153780743281
-5.87066	1.9813077	133.7493236090063
-4.80104	1.9854366	141.3542975719051
-3.18628	1.9880817	162.39507155932026
-2.48146	1.9897287	180.1837778984969
79.9332	1.9957407	97.5032366122987
92.134	2.0008776	97.82829647898824
88.6515	2.0024378	97.7412209871676
83.0106	2.0029602	97.58710300619511
76.9264	2.0014784	97.39818823895553
63.2402	1.989868	96.85347585441197
56.1516	1.971557	96.48886653050091
49.6682	1.9540542	96.06578106469928
43.2962	1.9320333	95.5376371418132
37.0098	1.9053752	94.8516975597659
28.6511	2.070228	92.77434875033185
23.2386	2.0597372	91.13657332379383
17.961	2.0184946	88.7617919030764
13.4942	1.9149556	85.80905000489763
9.32302	1.7947931	80.74880100492078
3.68462	1.7818689	51.640359622777076
0.489614	1.8292093	-273.60232568331554
-2.42939	1.8721155	177.06114077098218
-4.90981	1.9036742	138.77286697437935
-6.87371	1.9476122	128.33422186210888
-8.43624	1.9936516	123.63198941356691
-9.4429	2.022938	121.42284508015777
-8.13514	2.0503738	125.2039169019941
-5.31402	2.075199	139.05139735908233
-4.2012	2.1060326	150.12931648460284
-3.50632	2.12804	160.69156020859245
-3.09682	2.1386323	169.058984887603
-2.4089	2.1458888	189.08167823161887
36.639	2.1432257	94.15042269956753
56.9369	2.137377	96.24605721137956
74.0358	2.125425	97.12918975847123
91.215	2.1149733	97.68132975881359
86.9802	2.086936	97.60067589016047
81.0377	2.068895	97.44699872610721
74.4283	2.0479054	97.24848613074967
68.2273	1.9683679	97.11498409482874
55.2209	1.9567753	96.45645831105482
42.5142	1.7747991	95.82539617878835
27.8173	1.651799	94.06197509825135
19.5152	1.73574	91.10569867718442
14.5325	1.7885853	87.69251243779625
9.70942	1.8259736	81.19379455882071
3.40645	1.8500545	45.68966271447576
-0.117783	1.8801644	1696.2951290904482
-3.07653	1.9017134	161.81358165925315
-5.25919	1.9115523	136.34689751073526
-7.06465	1.9240358	127.2346900860543
-7.84799	1.9291316	124.58121759866738
-5.56416	1.9353013	134.781554610726
-4.30958	1.9434097	145.09511339208777
-3.61085	1.9523507	154.06900876810656
-2.82058	1.9612755	169.53447778894488
-2.27579	1.972674	186.68085157649978
-2.19267	1.9789845	190.25455257170353
3.64303	1.8443501	49.37318287497198
59.6136	1.964108	96.70526950574083
70.7896	1.8050985	97.45004976001597
67.4637	1.7724593	97.37271902546333
61.2183	1.7794706	97.0932346128897
54.8917	1.8140745	96.69517350462455
50.1202	1.8501242	96.30862542821936
41.2042	1.8817118	95.43320822031593
32.0335	1.9008964	94.06591214651219
26.302	1.9233434	92.6874623408872
18.0909	1.9439211	89.25470766935285
11.0982	1.9722853	82.22878215971978
6.90596	1.9876653	71.21811953008138
0.539998	2.008319	-271.912277531736
-1.91836	2.0147638	205.0253256667601
-4.97094	2.0237205	140.71101679770493
-6.5633	2.0270638	130.8848335810526
-5.04282	2.0315845	140.2866798543056
-5.25217	2.032684	138.70179023312605
-4.74957	2.0324776	142.792872295461
-4.1263	2.0287673	149.16675121841183
-3.82209	2.0231798	152.93386123529234
-3.80639	2.0144074	152.92172823605807
-3.18577	1.9932325	162.5667485500769
-3.07393	1.9728421	164.17979465906956
51.4557	1.947566	96.21506074334394
47.1744	1.9971651	95.76642063072727
49.0382	2.0237162	95.8731846656611
52.9874	2.0372877	96.15514506531846
48.4854	2.050572	95.77074460999971
44.2411	2.055444	95.35399708507124
35.8947	2.0599515	94.26112536372506
30.1243	2.065481	93.14347159700361
24.9696	2.067744	91.71895727088801
19.9086	2.0678422	89.61332038046186
14.8698	2.065039	86.11253187909402
10.6319	2.0593545	80.63041587749942
3.01058	2.0503058	31.89665112572074
-2.45137	2.0374243	183.11370071614954
-4.55698	2.020282	144.33378537316307
-6.08116	1.985822	132.65531869581375
-7.48161	1.9555308	126.13783250084305
-5.50279	2.0471046	137.20120826464944
-4.82521	2.0312276	142.096148123977
-4.63923	1.9227129	141.44465560782677
-4.1038	1.8295888	144.58280058357303
-3.68234	1.8377414	149.90689778659595
77.1205	1.9430498	97.48050569737578
70.9892	1.9677165	97.22814157496387
66.1284	1.9837878	97.00009760507602
60.9434	1.9997132	96.71873598479013
50.5258	2.009588	96.02265301677194
42.6713	2.0144544	95.27913624366117
36.9182	2.0272405	94.50883121673796
28.1517	2.0425947	92.74432813143014
17.9596	2.0601585	88.52892782638239
10.8342	2.06503	80.93970836800763
7.05136	2.0678768	70.67407170274579
3.28509	2.0681958	37.0429474086969
0.128616	2.0654733	-1505.9224860663676
93.5492	2.05466	97.8036616675968
-5.53409	2.0423462	136.9048205780751
-7.71253	2.0255451	126.26304318418276
-8.58278	2.0040107	123.3491972007502
-9.02197	1.9626063	121.75363556517337
71.7542	1.9289726	97.31169710643323
-6.80326	2.0443857	130.05009297373675
-5.95746	1.9833157	133.29130147924965
-5.74626	1.8572091	132.32031185364667
-4.89499	1.8546033	137.8877853260102
-4.45687	1.8920673	142.45282897748027
100.161	1.9746699	98.02850376015849
92.4126	1.974587	97.86329295258928
89.3484	1.974429	97.7901939472156
76.5721	1.9841796	97.40874718949654
57.8979	2.0106714	96.5272147674067
52.786	2.0199625	96.1732990989073
42.7052	2.028378	95.25027976995264
33.0972	2.03533	93.85044682991419
26.4329	2.040208	92.28155496732246
21.3226	2.0424116	90.42137515773737
10.8299	2.0414176	81.15017533063877
3.22803	2.0367436	36.904438244732624
-1.46744	2.027968	238.19768007207927
-4.01334	2.0147307	150.2008415765826
-5.96211	1.9967773	133.49111377330945
-7.77423	1.9607466	125.22110568236421
-9.07014	1.9306744	121.2860504623672
-10.056	2.0692966	120.57773356296374
-9.45203	2.0517566	121.70704937821682
-8.53008	1.9876556	123.30172374180734
-7.77414	1.8873022	124.27666533791745
-7.10379	1.8413734	125.92100794973622
-5.98261	1.8777504	131.38680819735123
-5.63475	1.9154335	133.9932285271797
126.369	1.9368143	98.46733510277275
111.7	1.9335119	98.26901532722863
102.379	1.9298595	98.11498157093439
92.6761	1.9307421	97.91667935816213
70.7201	1.9437501	97.25149078826357
58.676	1.9643898	96.65214083278023
47.9053	1.9805121	95.86577955702967
40.7396	1.9942743	95.10482654755656
34.1884	2.0010004	94.14713927833574
28.1951	2.0049872	92.88887905734629
22.073	2.0046716	90.91799437793155
12.4594	1.9995224	83.95169766793207
8.39514	1.9899459	76.29645293584804
4.61373	1.966669	57.37355453506017
1.54536	1.9323382	-25.041302761254574
-1.22546	1.8871218	253.99291666536965
-3.41837	2.0530298	160.0587347341966
-5.35945	1.9859267	137.054673123491
-6.90085	1.8815827	127.26595689328683
-7.85627	1.8297863	123.29077715960483
-7.41229	1.826163	124.63695823251386
-6.12542	1.8688693	130.5100593284865
-5.38278	1.8934491	135.1760392073071
-5.07626	1.9071963	137.57089841719028
-4.25196	1.9165192	145.07378373413678
-3.65364	1.9228889	152.62940457935366
-3.3946	1.9184061	156.51346426572752
55.078	1.8852241	96.57717524426413
134.131	1.8865398	98.59351254304549
133.917	1.9030437	98.57893654391872
125.7	1.9154994	98.47613613947772
117.45	1.9279698	98.3584751499993
91.5844	1.9394844	97.88229903824927
79.3547	1.9491739	97.54372076473254
72.5671	1.9564337	97.30396261794257
65.7887	1.9605188	97.01997760422755
50.5317	1.960908	96.11945179518762
29.1894	1.9353915	93.36953689223984
23.6055	1.9170842	91.87865624656595
18.2619	1.880218	89.70414627612213
13.2611	1.8495731	86.05264147674647
8.97698	2.052132	77.14006709411598
0.288054	1.8756337	-551.1396424060533
-2.31428	1.8192809	178.61110475817247
-5.54577	1.8104782	132.64610965662777
-7.25064	1.8506083	125.52337302065924
-8.58435	1.8804244	121.90526458107418
-8.9824	1.8960686	121.10870797960106
-7.4577	1.9138539	125.6627874932944
-6.19517	1.9433866	131.36938256785044
-5.00561	1.9545748	139.0476898125987
2.98964	1.9388969	35.14614147229159
127.047	1.9339459	98.47777220497537
144.587	1.9333668	98.66283635936897
120.37	1.9338343	98.3934220765149
90.5861	1.9315248	97.86774545680262
82.4557	1.9277205	97.66211550095053
70.5112	1.9174199	97.28068812483473
61.5002	1.9068938	96.89936823854843
49.286	1.8945597	96.15599160032845
38.3687	1.877246	95.10734805019305
31.74	1.8547509	94.15642217930387
25.6679	1.8120875	92.9402560916054
17.3542	2.073036	88.05455653117585
8.34878	1.9261575	76.92887405432512
0.12292	1.7994596	-1363.9273942976147
-2.53179	1.82397	172.0427075861535
-4.64241	1.8637763	140.14674030661354
-6.57212	1.8972435	128.86806573586446
-7.99643	1.9215819	124.03049566275043
-9.23108	1.9464976	121.08635073607708
-9.99653	1.9718635	119.72548303916736
-10.1569	2.0058968	119.74910147919088
-7.84608	2.02518	125.81135940235397
-6.67397	2.041067	130.5825026989218
-5.81521	2.057673	135.3843287691182
-4.34063	2.0648024	147.56919204641216
92.714	2.073863	97.7631638823855
118.923	2.0740716	98.25595229503175
123.779	2.071636	98.32634582886386
115.139	2.0684404	98.20352504413246
100.641	2.0639467	97.94919604461059
108.51	2.0504165	98.1103907485982
82.7598	2.0407064	97.53418600961531
-5.88725	2.0213394	134.33418718145722
44.9881	1.9846098	95.58858544129917
28.6955	1.9333487	93.26253367795954
22.9551	2.075245	90.95954718384576
17.9865	2.0668523	88.50886723860792
13.5194	2.028851	84.99304252405348
9.51344	1.9293032	79.72023639763762
5.75911	1.8125396	68.52743591117171
0.967221	1.8102322	-87.158066455516
-1.73234	1.8509712	206.8480278691303
-5.00887	1.9012781	137.95822154643946
-6.73673	1.9564542	129.04159394142687
-8.26719	1.9894333	124.0642019052976
-9.95147	2.0233426	120.33210178983491
-10.3077	2.056779	119.9538100295446
-7.88419	2.1049724	126.69865059668224
44.0555	2.1349196	95.15402569165768
-5.17427	2.1748323	142.03167364145136
-4.02562	2.1972024	154.58046747008558
85.5684	2.2384124	97.38406816706805
109.447	2.2301638	97.96233464341309
92.8775	2.1826909	97.64992229111424
113.96289544372672