-9.44109	-9.7662325	-3.4439124417911655
-11.4394	-9.769998	14.593441644407541
-11.2707	-9.776384	13.258413770099743
-11.7623	-10.330104	12.1761536412737
-12.6757	-10.856418	14.352521003187391
-14.8837	-11.22795	24.562106086421522
-19.6297	-14.321825	27.040019759773394
-23.0912	-21.175299	8.297105366821738
-23.035	-24.806684	-7.691272664824814
-33.4072	-27.68371	17.13250372794875
-36.7037	-32.173286	12.343209146451416
-39.8128	-35.627953	10.511314557962695
-41.1384	-36.770523	10.617520007306997
-41.5227	-37.20488	10.398700882422087
-41.868	-37.625916	10.13204475991634
-50.8106	-38.91121	23.419111580190958
-54.0	-41.179916	23.740895589192707
-53.9572	-42.804535	20.66946463360179
-52.97	-43.842697	17.23108149293579
-51.5342	-44.372467	13.897046800293811
-48.1855	-43.537987	9.645047238895653
-43.4859	-41.09562	5.496681979527645
-39.947	-39.18461	1.908504176810513
-34.2142	-33.990173	0.6547741359812252
-28.7732	-27.550013	4.251131372144656
-23.3436	-21.291258	8.79188094815745
-20.7494	-18.632612	10.201678313167402
-15.4888	-14.33177	7.470108090641667
-13.3462	-12.517178	6.211673796250743
-9.21046	-8.833933	4.088035173812188
-7.00464	-6.791486	3.043044508109201
-5.08591	-4.594735	9.65755809669034
-3.40066	-2.4311845	28.508451209606235
-1.83376	-0.5797694	68.38357442460989
-0.488277	0.77695996	259.12279385739265
0.722418	1.682283	-132.86836983958054
1.88311	2.2358308	-18.730755440133212
3.05389	2.5606184	16.152238322865518
3.96684	2.746995	30.75105241675854
5.33017	2.9253364	45.11739257662497
5.8807	2.9652777	49.57611142130667
6.12885	2.988959	51.23132264281152
5.62395	3.00556	46.55784779704192
5.19911	3.0170078	41.9706871042262
5.34412	3.025144	43.393035978268706
5.22193	3.0308905	41.9584243927664
4.85207	3.0348597	37.4522678331778
4.26482	3.040956	28.696733980502632
4.27212	3.041952	28.795261005761063
4.09117	3.042668	25.6284088041628
4.06725	3.0431874	25.178251933463553
3.91896	3.0435615	22.337523597230934
3.43632	3.043834	11.421697858130708
3.45338	3.0440326	11.853532521533669
3.57014	3.0441763	14.732295142355024
3.37768	3.044281	9.870652375161264
3.25692	3.0443563	6.52652649281912
-8.32017	-9.761854	-17.327575031254547
-7.90581	-9.763982	-23.50387839093445
-9.53326	-9.918166	-4.037504496642174
-11.4875	-10.379504	9.645231499818562
-14.5132	-12.180443	16.07334721014512
-18.8754	-43.486107	-130.38508122252844
-36.3038	-39.552155	-8.947702400265298
-38.6187	-44.911522	-16.294759010081336
-39.8223	-47.09143	-18.25391982528891
-39.9128	-45.853172	-14.88337699076002
-39.3717	-44.77893	-13.733799500147999
-38.9147	-44.629684	-14.68592834901196
-46.652	-46.24893	0.8639898370683056
-48.4477	-46.087425	4.87180040367633
-48.0576	-45.53244	5.254440562085555
-46.8957	-44.424026	5.270573068890641
-45.4515	-43.0309	5.3256787880792
-43.554	-41.31462	5.141616932722104
-38.9149	-36.79412	5.449791340483005
-33.1741	-30.944181	6.721863126899423
-27.5753	-24.601816	10.783142942931851
-24.9656	-21.687403	13.13085388799468
-21.996	-19.097467	13.177545141060639
-19.4333	-16.878412	13.146957898036696
-17.2009	-14.968695	12.97725439318713
-14.9243	-13.29464	10.919511033842296
-12.6609	-11.730471	7.348841315356319
-10.2051	-10.112399	0.9083787293743668
-8.03573	-8.36796	-4.134404706153779
-6.1363	-6.38774	-4.097583961897166
-4.44064	-4.2222757	4.917404700271039
-2.94439	-2.1461866	27.109297764870906
-0.0626366	0.9478875	1613.3124268015647
1.13929	1.8035467	-58.30444455861255
2.16898	2.3088584	-6.449046047529608
3.1878	2.6057587	18.25840003314735
4.20276	2.7781177	33.897783562123465
4.94969	2.8787205	41.84038595594789
5.50588	2.9394803	46.61197902390361
5.96618	2.9772253	50.098297744258986
5.7015	3.0009964	47.36479201318869
4.98449	3.0160222	39.49185864315853
4.79901	3.0257835	36.94983621735265
4.57291	3.031979	33.696941435463515
4.42063	3.0354884	31.333579556222794
4.34813	3.0380566	30.129585499671553
4.12273	3.0412211	26.232828602296717
4.18741	3.042179	27.349383116014273
3.93824	3.0428658	22.735391607402658
3.67218	3.0433517	17.124114227808047
3.48361	3.0439534	12.62071548776671
3.43447	3.0441308	11.365338556998575
3.37852	3.0442576	9.893751402557701
3.1444	3.0443487	3.181884251430159
3.09376	3.044413	1.5950469206244986
-8.82185	-9.769979	-10.747504426845168
-9.62071	-9.9289255	-3.203663028499275
-12.4175	-17.872564	-43.930460838794126
-30.8972	-48.602966	-57.305409193920305
-37.5635	-38.98398	-3.7815401695087036
-38.3689	-40.524055	-5.616932372536295
-39.3166	-43.841637	-11.509224516186746
-39.449	-43.78151	-10.982554546475164
-39.0212	-42.00992	-7.659221327080889
-38.7557	-40.380157	-4.191534015107326
-37.5955	-39.77072	-5.785853186591967
-36.9159	-41.374634	-12.078081428235738
-37.054	-41.18766	-11.155770679191935
-42.1737	-40.335327	4.35904685976731
-42.7264	-37.24964	12.818204309123127
-41.5052	-35.309135	14.928404344754332
-39.7823	-33.097862	16.802540222929224
-37.4051	-30.63893	18.088902550124047
-31.8453	-25.262976	20.669690165534977
-29.5914	-22.579485	23.69578719559924
-24.5984	-17.897951	27.23936905766042
-21.9791	-16.035044	27.044127164794908
-19.1633	-14.488024	24.39702926858011
-17.1381	-13.1992035	22.98327267870856
-14.8888	-12.090109	18.79728962996375
-12.6667	-11.055292	12.72161010715406
-8.41076	-8.813891	-4.793044725325227
-6.5026	-7.412613	-13.994597468743173
-2.89804	-3.859387	-33.172311149879874
-1.36535	-2.0103977	-47.24412501246356
1.37381	0.8959487	34.78365468467907
2.47431	1.7321274	29.995534788564434
3.37304	2.256772	33.093824339258624
4.1301	2.5695193	37.78553976027331
4.83987	2.7516098	43.14703048086083
5.15653	2.8614573	44.50808195688803
4.37038	2.9283156	32.99631405278423
3.76093	2.969556	21.04197512894875
3.64462	2.995852	17.800702364757104
3.56628	3.0126448	15.524163491233022
3.53649	3.0234966	14.505720107052369
3.42821	3.0352988	11.461118001968849
3.53826	3.0401754	14.077104212798755
3.31124	3.0414042	8.149083544643577
2.99085	3.0423055	-1.7204305875371695
2.98066	3.0434165	-2.105457824693
2.94105	3.0437536	-3.492071521438094
2.77339	3.0441651	-9.763324825803974
2.46828	3.0442867	-23.336357016230618
2.47613	3.0443733	-22.948846108887636
2.50213	3.0444345	-21.673714355082673
-8.18553	-9.77227	-19.384701420807048
-8.91805	-10.027518	-12.44070714373785
-10.9756	-11.87823	-8.223968004868643
-28.0833	-27.703566	1.352170308393854
-168.646	-51.37902	69.53439638000272
-36.8811	-43.45758	-17.831574759993085
-38.5487	-34.671875	10.056950256845164
-38.6198	-37.200493	3.6750777784439648
-38.219	-36.37758	4.818082496629864
-37.6391	-35.86406	4.715946221616108
-36.9716	-35.934776	2.804377642610832
-36.2614	-36.97513	-1.9682910520710293
-35.5222	-39.203857	-10.36437980861544
-34.8685	-39.416496	-13.043281336564643
-34.0043	-37.741493	-10.990357552364404
-34.2608	-34.33123	-0.20557242338855905
-35.8571	-29.978102	16.395635659089564
-34.9202	-27.518541	21.195923671972437
-33.0499	-24.962854	24.469198563730394
-30.7467	-22.436457	27.028082782975765
-26.4605	-17.894876	32.371361103928855
-24.0843	-16.068937	33.280444478621355
-19.627	-13.328152	32.09277447544513
-17.2651	-12.307214	28.716234242922884
-14.9172	-11.422713	23.425889496988137
-12.6625	-10.587594	16.386229312328723
-10.9205	-9.709246	11.091563040838272
-7.43396	-7.483552	-0.6671009581438119
-5.70456	-6.00366	-5.243181057713953
-2.81078	-2.5967932	7.613077862523418
-0.161445	0.34528315	313.8704519709506
0.80513	1.3230542	-64.32801987586468
1.75904	1.9635866	-11.628306974492977
2.40731	2.3733206	1.411925732322207
2.16987	2.6218414	-20.8294299564426
1.47844	2.7746758	-87.67591239322131
1.40796	2.8701034	-103.84835098310236
1.51707	2.929778	-93.12081794698237
1.4055	2.968566	-111.21065998178655
1.15666	3.0102718	-160.25555390539625
1.32022	3.0213475	-128.85182298419983
1.60468	3.0288024	-88.74806840575584
1.65976	3.033839	-82.78781211852898
1.5416	3.0372505	-97.01936563274104
1.56225	3.0395687	-94.56352231645947
1.51325	3.0422165	-101.03859592292805
1.39682	3.0428536	-117.84150460320677
1.44847	3.043681	-110.13075270806567
1.32981	3.0441244	-128.91422921304803
1.35471	3.0442586	-124.71662813461056
-7.06313	-9.761568	-38.20456660228617
-8.01177	-9.761589	-21.840601360560413
-6.92016	-9.761691	-41.06164238907263
-7.74398	-9.776713	-26.249208527698038
-8.36277	-10.166253	-21.565617516250427
-31.4158	-30.189058	3.9048561140487115
-34.5799	-47.622314	-37.71675470023816
-35.7874	-36.82939	-2.91161751933496
-37.9096	-29.815004	21.352362209082234
-37.8024	-32.898148	12.97338600107047
-37.0218	-34.242073	7.50835416185173
-36.4449	-34.4749	5.405423510531713
-35.7456	-34.974724	2.156566968980828
-34.3311	-38.44291	-11.9769209879627
-32.9402	-37.097717	-12.621405995731827
-30.6892	-31.43836	-2.4411218933225456
-28.7893	-26.632605	7.491311878949654
-25.6414	-21.746412	15.19022830252707
-24.0158	-19.488714	18.850449155108063
-20.6973	-15.7321	23.98960460757587
-19.0518	-14.307634	24.90140289509172
-17.3283	-13.14662	24.13208776645511
-15.2892	-12.181387	20.32685108578603
-13.7785	-11.32697	17.792427139792316
-10.1607	-9.592987	5.587339381239402
-8.56006	-8.523207	0.43052079725281317
-6.76945	-7.237026	-6.907149235949031
-5.11695	-5.711052	-11.610469161278395
-2.62379	-2.3426096	10.71657331644521
-1.22727	-0.8135178	33.71321679943064
-0.0766688	0.4110242	636.1036283447966
1.7901	1.9215288	-7.341983093603966
2.50413	2.321296	7.3012949913177865
2.46173	2.5693994	-4.37372714872404
1.61895	2.730606	-68.66524990506774
1.44063	2.83307	-96.65494402923322
1.4352	2.900722	-102.1127421542561
1.26054	2.9455361	-133.67256228759575
1.31846	2.975781	-125.70127207450531
1.28042	2.9964814	-134.02333184774034
1.47821	3.0108018	-103.67889869488401
1.65558	3.0207639	-82.45954856605826
1.66891	3.0277438	-81.4204341880674
1.56993	3.0326347	-93.17006601679772
1.79315	3.0361118	-69.3172305443839
1.85829	3.0385613	-63.51384414605003
1.6708	3.0403113	-81.96740423551155
1.55053	3.041542	-96.16145046724833
1.50155	3.042426	-102.61903979338062
1.4808	3.0430522	-105.50054899225566
1.5089	3.043499	-101.70315457839423
1.54241	3.043818	-97.3416902954422
1.544	3.0440269	-97.15199438913386
1.52683	3.0441763	-99.37887151273995
1.28102	3.0442886	-137.6456673312566
-15.0003	-9.917939	33.881729587248486
-15.0003	-10.072205	32.85331415850576
-17.8252	-17.264425	3.1459612062997335
-51.6831	-54.75123	-5.936421345227467
-65.041	-60.207184	7.4319529236999555
-66.1745	-59.760345	9.692788158675082
-65.3065	-59.54557	8.821377093581269
-65.6527	-58.480194	10.924924618525639
-63.9956	-57.763077	9.738989416050714
-59.2747	-56.52745	4.634776043798802
-55.4367	-54.70038	1.3282185087416405
-50.7215	-52.185516	-2.8863814146708227
-44.3119	-48.36515	-9.14708974157331
-38.0507	-42.587868	-11.924002605375186
-32.1183	-34.898125	-8.654951173568403
-26.5398	-26.665785	-0.47469908905811126
-21.2032	-19.790442	6.662946698639321
-15.6232	-14.808207	5.21656150217008
-11.4693	-10.948477	4.541022263209714
-7.41342	-4.9978237	32.584103151532936
-2.19787	-1.1217935	48.95997032066375
0.523874	1.9797039	-277.8969563257959
3.56142	2.6246223	26.304048058875015
5.18571	2.8653522	44.745229108886235
6.44129	2.9622016	54.01229194001583
5.67565	3.004602	47.06153670498822
5.14308	3.0244367	41.194059311757535
4.88957	3.03415	37.946491437826474
4.54442	3.0390525	33.12562123970616
4.31183	3.0415606	29.460098867986876
4.12264	3.0428586	26.19150586706637
3.62675	3.043534	16.080952730307715
3.40707	-10.072205	395.6265958829238
-12.5463	-11.659484	7.068347077768054
-34.7281	-37.626213	-8.345153537059346
-58.569	-54.75123	6.518417414855962
-65.041	-60.207184	7.4319529236999555
-66.1745	-59.760345	9.692788158675082
-65.3065	-59.54557	8.821377093581269
-65.6527	-58.480194	10.924924618525639
-64.9073	-57.96086	10.702095672892131
-60.8904	-56.52745	7.1652499838210035
-55.4367	-54.70038	1.3282185087416405
-50.7215	-52.185516	-2.8863814146708227
-44.3119	-48.36515	-9.14708974157331
-38.0507	-42.587868	-11.924002605375186
-32.1183	-34.898125	-8.654951173568403
-26.5398	-26.665785	-0.47469908905811126
-21.2032	-19.790442	6.662946698639321
-15.6232	-14.808207	5.21656150217008
-11.4693	-10.948477	4.541022263209714
-7.41342	-7.0775414	4.530686780897415
-2.19787	-1.1217935	48.95997032066375
0.523874	1.3277107	-153.44086291877926
2.57106	2.7730699	-7.857067545811975
5.8236	2.923965	49.79110739120545
6.63953	2.987482	55.00461645503366
5.03388	3.0163312	40.07940086457919
5.05972	3.03415	40.03324568217026
4.54442	3.0390525	33.12562123970616
4.31183	3.0415606	29.460098867986876
4.12264	3.0428586	26.19150586706637
3.62675	3.043534	16.080952730307715
3.40707	-9.917939	391.09879318728866
-51.6831	-60.207184	-16.49297722279691
-66.1745	-59.760345	9.692788158675082
-65.3065	-59.54557	8.821377093581269
-65.6527	-58.480194	10.924924618525639
-64.9073	-57.96086	10.702095672892131
-62.4049	-57.763077	7.438234569569053
-57.509	-55.668396	3.200547585412466
-47.6053	-50.481117	-6.04095823499829
-41.4762	-45.748474	-10.300543460216135
-32.1183	-34.898125	-8.654951173568403
-26.5398	-26.665785	-0.47469908905811126
-18.4223	-17.098753	7.1844847762991515
-13.6598	-12.812794	6.200719413309942
-9.397	-9.064411	3.539311891071053
-5.28896	-4.9978237	5.504603284981193
-2.19787	0.31649888	114.4002599111464
1.61228	1.9797039	-22.789086850548827
3.56142	2.6246223	26.304048058875015
5.8236	2.923965	49.79110739120545
6.63953	2.987482	55.00461645503366
5.03388	3.0163312	40.07940086457919
5.05972	3.0301385	40.112526602106
4.79278	3.037013	36.633580030539676
4.30148	3.0405092	29.314809003180073
4.12715	3.0423129	26.28538295956644
4.01598	3.0432496	24.22149055107265
3.53358	3.043738	13.862489810847634
-17.8252	-17.264425	3.1459612062997335
-51.6831	-52.055084	-0.7197373272076475
-62.3803	-59.033607	5.364980940975761
-67.1503	-59.82406	10.910212822233968
-65.7434	-59.80954	9.025789245802454
-65.291	-59.045853	9.565097287604253
-65.4656	-58.042175	11.33942692600971
-63.9956	-58.327538	8.856958870504958
-60.8904	-57.178017	6.09682852199526
-57.509	-55.668396	3.200547585412466
-47.6053	-50.481117	-6.04095823499829
-41.4762	-45.748474	-10.300543460216135
-35.4678	-38.931168	-9.764821749446716
-23.395	-22.984056	1.7565461720218907
-18.4223	-17.098753	7.1844847762991515
-13.6598	-12.812794	6.200719413309942
-9.397	-9.064411	3.539311891071053
-5.28896	-4.9978237	5.504603284981193
-2.19787	-1.1217935	48.95997032066375
0.523874	1.3277107	-153.44086291877926
2.57106	2.6246223	-2.0832809786006
5.8236	2.9622016	49.13452693831986
5.67565	3.004602	47.06153670498822
5.14308	3.0244367	41.194059311757535
4.88957	3.03415	37.946491437826474
4.54442	3.0390525	33.12562123970616
4.31183	3.0415606	29.460098867986876
4.12264	3.0432496	26.182021496441685
3.53358	3.043738	13.862489810847634
-15.0003	-10.072205	32.85331415850576
-17.8252	-17.264425	3.1459612062997335
-51.6831	-52.055084	-0.7197373272076475
-62.3803	-59.033607	5.364980940975761
-67.1503	-59.82406	10.910212822233968
-65.7434	-59.80954	9.025789245802454
-65.291	-59.045853	9.565097287604253
-65.4656	-58.042175	11.33942692600971
-63.9956	-58.327538	8.856958870504958
-60.8904	-57.178017	6.09682852199526
-57.509	-55.668396	3.200547585412466
-47.6053	-50.481117	-6.04095823499829
-38.0507	-42.587868	-11.924002605375186
-32.1183	-34.898125	-8.654951173568403
-26.5398	-26.665785	-0.47469908905811126
-21.2032	-19.790442	6.662946698639321
-15.6232	-14.808207	5.21656150217008
-11.4693	-10.948477	4.541022263209714
-7.41342	-7.0775414	4.530686780897415
-2.19787	-1.1217935	48.95997032066375
0.523874	1.3277107	-153.44086291877926
2.57106	2.7730699	-7.857067545811975
6.44129	2.9622016	54.01229194001583
5.67565	3.004602	47.06153670498822
5.05972	3.0301385	40.112526602106
4.79278	3.037013	36.633580030539676
4.30148	3.0405092	29.314809003180073
4.12715	3.0423129	26.28538295956644
4.01598	3.043534	24.21440801128457
3.40707	-9.917939	391.09879318728866
-51.6831	-54.75123	-5.936421345227467
-65.041	-60.207184	7.4319529236999555
-66.1745	-59.80954	9.61844783679809
-65.291	-59.045853	9.565097287604253
-65.4656	-58.042175	11.33942692600971
-63.9956	-58.327538	8.856958870504958
-60.8904	-57.178017	6.09682852199526
-55.4367	-54.70038	1.3282185087416405
-50.7215	-52.185516	-2.8863814146708227
-35.4678	-38.931168	-9.764821749446716
-23.395	-22.984056	1.7565461720218907
-18.4223	-14.808207	19.61803745494555
-11.4693	-9.064411	20.968054285090183
-2.19787	-1.1217935	48.95997032066375
0.523874	1.3277107	-153.44086291877926
2.57106	2.3814328	7.375447279425531
4.44613	2.7730699	37.629579342378605
5.8236	2.923965	49.79110739120545
6.63953	2.987482	55.00461645503366
5.05972	3.0301385	40.112526602106
4.79278	3.037013	36.633580030539676
4.30148	3.0405092	29.314809003180073
4.12715	3.0423129	26.28538295956644
4.01598	3.0432496	24.22149055107265
3.53358	3.043738	13.862489810847634
-15.0003	-10.072205	32.85331415850576
-12.5463	-11.659484	7.068347077768054
-34.7281	-37.626213	-8.345153537059346
-58.569	-54.75123	6.518417414855962
-65.041	-60.207184	7.4319529236999555
-66.1745	-59.760345	9.692788158675082
-65.3065	-59.54557	8.821377093581269
-65.4656	-58.042175	11.33942692600971
-62.4049	-57.763077	7.438234569569053
-59.2747	-56.52745	4.634776043798802
-44.3119	-48.36515	-9.14708974157331
-35.4678	-38.931168	-9.764821749446716
-23.395	-22.984056	1.7565461720218907
-18.4223	-17.098753	7.1844847762991515
-13.6598	-12.812794	6.200719413309942
-9.397	-9.064411	3.539311891071053
-5.28896	-4.9978237	5.504603284981193
-2.19787	-1.1217935	48.95997032066375
0.523874	1.3277107	-153.44086291877926
2.57106	2.3814328	7.375447279425531
4.44613	2.7730699	37.629579342378605
5.8236	2.923965	49.79110739120545
6.63953	2.987482	55.00461645503366
5.03388	3.0163312	40.07940086457919
5.05972	3.0301385	40.112526602106
4.54442	3.0390525	33.12562123970616
4.31183	3.0415606	29.460098867986876
4.12264	3.0428586	26.19150586706637
3.62675	3.043534	16.080952730307715
-15.0003	-10.072205	32.85331415850576
-17.8252	-17.264425	3.1459612062997335
-51.6831	-52.055084	-0.7197373272076475
-62.3803	-59.033607	5.364980940975761
-67.1503	-59.760345	11.005094117791419
-65.291	-59.045853	9.565097287604253
-64.9073	-57.96086	10.702095672892131
-62.4049	-57.763077	7.438234569569053
-59.2747	-56.52745	4.634776043798802
-55.4367	-54.70038	1.3282185087416405
-47.6053	-50.481117	-6.04095823499829
-38.0507	-42.587868	-11.924002605375186
-32.1183	-34.898125	-8.654951173568403
-26.5398	-26.665785	-0.47469908905811126
-21.2032	-19.790442	6.662946698639321
-13.6598	-12.812794	6.200719413309942
-7.41342	-7.0775414	4.530686780897415
-2.19787	-1.1217935	48.95997032066375
0.523874	1.3277107	-153.44086291877926
2.57106	2.6246223	-2.0832809786006
5.18571	2.8653522	44.745229108886235
6.44129	2.9622016	54.01229194001583
5.67565	3.004602	47.06153670498822
5.14308	3.0244367	41.194059311757535
4.79278	3.037013	36.633580030539676
4.30148	3.0405092	29.314809003180073
4.12715	3.0423129	26.28538295956644
4.01598	3.0432496	24.22149055107265
3.53358	3.043738	13.862489810847634
-15.0003	-10.072205	32.85331415850576
-12.5463	-11.659484	7.068347077768054
-51.6831	-52.055084	-0.7197373272076475
-62.3803	-59.033607	5.364980940975761
-67.1503	-59.82406	10.910212822233968
-65.7434	-59.54557	9.427303951587533
-65.6527	-58.480194	10.924924618525639
-64.9073	-57.96086	10.702095672892131
-62.4049	-57.763077	7.438234569569053
-59.2747	-56.52745	4.634776043798802
-55.4367	-54.70038	1.3282185087416405
-44.3119	-48.36515	-9.14708974157331
-38.0507	-42.587868	-11.924002605375186
-32.1183	-34.898125	-8.654951173568403
-26.5398	-26.665785	-0.47469908905811126
-21.2032	-19.790442	6.662946698639321
-15.6232	-14.808207	5.21656150217008
-11.4693	-10.948477	4.541022263209714
-7.41342	-7.0775414	4.530686780897415
-3.58209	-2.9463902	17.74661626501044
0.523874	1.9797039	-277.8969563257959
3.56142	2.6246223	26.304048058875015
5.18571	2.8653522	44.745229108886235
6.44129	2.9622016	54.01229194001583
5.67565	3.004602	47.06153670498822
5.14308	3.0244367	41.194059311757535
4.88957	3.037013	37.88793478400791
4.30148	3.0405092	29.314809003180073
4.12715	3.0423129	26.28538295956644
3.62675	3.043534	16.080952730307715
3.40707	-9.917939	391.09879318728866
-17.8252	-17.264425	3.1459612062997335
-58.569	-59.033607	-0.7932647592290285
-67.1503	-59.760345	11.005094117791419
-65.3065	-59.54557	8.821377093581269
-65.6527	-58.480194	10.924924618525639
-64.9073	-57.96086	10.702095672892131
-62.4049	-57.763077	7.438234569569053
-57.509	-55.668396	3.200547585412466
-47.6053	-50.481117	-6.04095823499829
-41.4762	-45.748474	-10.300543460216135
-35.4678	-38.931168	-9.764821749446716
-23.395	-22.984056	1.7565461720218907
-18.4223	-17.098753	7.1844847762991515
-13.6598	-10.948477	19.848920691531543
-7.41342	-7.0775414	4.530686780897415
-3.58209	-2.9463902	17.74661626501044
-0.753671	0.31649888	141.99431041209138
1.61228	1.9797039	-22.789086850548827
4.44613	2.7730699	37.629579342378605
6.44129	2.9622016	54.01229194001583
5.67565	3.0301385	46.61160521464834
4.54442	3.0390525	33.12562123970616
4.31183	3.0415606	29.460098867986876
4.12264	3.0428586	26.19150586706637
3.62675	3.043534	16.080952730307715
3.40707	-9.867433	389.61638769046414
-40.0177	-38.651634	3.4136543887744986
-55.0105	-54.227654	1.4230889224102092
-57.5551	-57.075546	0.8332071822098548
-57.8648	-52.962585	8.471841417741947
-55.2376	-53.153374	3.7731993435175815
-47.5065	-46.653618	1.7952961823558018
-43.7196	-42.878807	1.9231502497506507
-35.5849	-35.030457	1.5580860446328875
-29.9872	-28.56811	4.732320060725373
-24.5354	-22.299711	9.112095696886474
-19.7668	-17.250761	12.728610113807155
-14.8573	-13.422267	9.658772882073107
-10.2612	-7.9220924	22.795652794589564
-4.67821	-3.7693114	19.428336821114684
-1.63369	-0.26667607	83.67645830148525
3.31853	2.4819944	25.208018953189196
5.11913	2.7962563	45.376338747534604
5.94937	2.9266133	50.808012001218586
4.66417	3.0018148	35.64096123354836
4.6771	3.021905	35.389347500507206
4.57375	3.0354958	33.6322329511234
3.87427	3.0417674	21.487986424011126
3.40897	3.0433288	10.725859802352133
3.18615	-9.763062	406.4218828313933
-11.6647	-13.335926	-14.327214290129179
-39.9424	-50.002907	-25.187531140584152
-45.9793	-46.263107	-0.6172469746203456
-44.638	-51.2535	-14.820335434929152
-44.5356	-49.444572	-11.022583800581426
-46.6266	-48.279144	-3.544212932415372
-51.5422	-48.025238	6.8234578038020715
-48.8148	-45.708168	6.364119521053675
-45.4434	-42.435448	6.619120830138218
-41.5347	-38.115776	8.231484876293985
-36.2384	-32.573685	10.11279433757709
-30.5967	-26.338598	13.91686791052922
-24.9532	-20.517824	17.774775670671943
-19.8699	-15.96567	19.64896736756723
-15.0893	-10.795417	28.456477632361157
-6.37644	-5.1250715	19.624877097273153
-1.80492	0.21135771	111.71009445625143
0.977806	1.9485276	-99.27548308544138
3.086	2.6213586	15.056427018650576
4.68032	2.869463	38.69087801525408
4.96925	2.9928317	39.77297207356529
4.5698	3.0276287	33.74701898510627
4.43058	3.0353465	31.490991863618753
3.8111	3.0395403	20.245066097329783
3.894	3.04185	21.88366593969614
3.42458	3.043462	11.128898969835829
3.14329	3.044073	3.156467798561186
-8.64063	-9.765231	-13.015270811072897
-9.359	-9.803167	-4.7458823311227665
-44.3376	-55.78582	-25.820565651963083
-49.991	-49.39476	1.1926966530917849
-47.835	-49.96048	-4.443358822066758
-48.2615	-46.737396	3.158014215431053
-47.7358	-48.452972	-1.5023749258210273
-48.3068	-46.519127	3.700667233236608
-45.1471	-40.286263	10.76666316576343
-39.1611	-33.308487	14.944962651401292
-33.3427	-27.599703	17.224153887112184
-27.8872	-21.933645	21.348698618500446
-20.4347	-15.324503	25.007448429426784
-15.6246	-12.266772	21.490649693739115
-11.1719	-9.450616	15.407262365054983
-2.23626	-0.96680903	56.76669700926078
0.681035	1.8865199	-177.00777472457023
3.57304	2.5583892	28.39741002785456
4.60878	2.8283138	38.632048298078736
3.9308	2.9734845	24.354214267388127
3.61235	3.0090673	16.700560361379036
3.25117	3.0315053	6.756477793434408
3.44856	3.0377164	11.913483042985323
3.17415	3.0418139	4.169183563866345
3.00086	3.0433354	-1.4154429830837263
2.68416	3.043816	-13.399204827279855
-8.72683	-9.769507	-11.947957455699777
-11.3776	-10.689772	6.045458454530565
-47.0384	-47.65638	-1.3137797492043117
-51.5848	-51.808502	-0.4336577323698335
-49.1869	-48.854927	0.6749236527759972
-49.4536	-49.61857	-0.3335785000962283
-49.1799	-47.82245	2.7601771487539457
-46.6291	-46.936348	-0.658917192475927
-43.2777	-42.209785	2.467582824452276
-40.1643	-38.160522	4.988949389438333
-36.2632	-33.22278	8.384314204023067
-31.1613	-27.559084	11.559904896074649
-26.3961	-21.9619	16.79868818608762
-21.5895	-17.286062	19.933014203582683
-16.9668	-13.662219	19.476751702267105
-12.4098	-10.54991	14.987268511225027
-8.61066	-7.147253	16.99528991859612
-3.2556	-1.6977065	47.85273148777413
0.659932	1.5591487	-136.25898248725457
2.50355	2.392821	4.422878583706723
4.02013	2.7440464	31.74234807890664
3.90146	2.8967152	25.753045925640382
3.63574	2.968316	18.357307065019416
3.20104	3.0144684	5.828468133234174
3.3393	3.0321484	9.198082341481413
3.05151	3.037573	0.4567245731899644
2.87049	3.0415344	-5.958715942280327
2.56276	3.0431726	-18.745901361010958
2.36456	-9.767093	513.0617705768575
-8.87509	-9.794475	-10.35916247716846
-48.0836	-47.57042	1.067265738752305
-50.1419	-48.52916	3.216351178654207
-49.3403	-50.60656	-2.5663771823429613
-50.4417	-48.27443	4.29658528794057
-48.8947	-48.80021	0.19325213778838415
-40.1307	-37.06121	7.648729251706888
-30.7253	-27.07607	11.876951793001957
-25.6973	-21.845087	14.99073020235013
-20.7585	-17.3674	16.33595909819623
-13.8273	-12.058536	12.791828387868797
-9.2753	-8.59095	7.378198137192435
-5.96926	-4.7509756	20.40930639473941
-2.48074	-1.2284062	50.482269160011676
0.521463	1.0384364	-99.13904893494426
2.58376	2.1491647	16.820267461469076
4.85945	2.7530427	43.346617924336215
4.26747	2.9355042	31.21206994823082
4.36773	2.9847221	31.66422738327958
4.18124	3.0107527	27.993786077200078
3.49709	3.0296626	13.366183844554273
3.60577	3.037818	15.751202616080091
3.23782	3.0405197	6.093612405112338
3.00927	3.0425923	-1.107322866093589
-9.00766	-9.8035755	-8.835986387182675
-12.645	-11.164434	11.708706770913938
-39.7606	-39.99301	-0.5845244407969565
-51.3092	-54.29899	-5.827001860688297
-48.9845	-50.769424	-3.6438537113134477
-50.2009	-48.950356	2.4910817854134524
-50.0962	-46.704987	6.769400730314859
-45.9555	-43.68096	4.949439937497919
-41.8433	-38.7351	7.428190614068595
-38.4571	-35.00853	8.967317502170852
-31.2121	-28.134562	9.860078712408097
-26.0175	-23.102129	11.205423079508671
-21.0835	-16.476213	21.852569418045842
-13.8363	-12.834885	7.237594300465137
-10.0116	-9.2990465	7.117274531352535
-5.87279	-5.4872437	6.564958335542495
-2.47471	-1.8944371	23.44811779470015
1.18092	1.3807551	-16.9219812694479
4.6771	2.6672258	42.97265967891409
3.91283	2.8486063	27.19831260805239
3.6861	2.937016	20.321857643003284
3.77824	3.0085115	20.372671646214854
3.45225	3.034388	12.104046289081897
3.18948	3.0382884	4.740324701298412
2.9691	3.040604	-2.4082757770063985
3.01844	-9.770286	423.68660030939344
-48.6917	-46.681145	4.129153979199853
-48.2991	-50.571228	-4.70428870799322
-49.1774	-48.55523	1.2651533251212421
-49.3094	-46.3089	6.08504627397937
-48.3453	-47.707848	1.3185380753276736
-46.6081	-45.46981	2.4422587136359253
-44.2522	-40.520103	8.433699419737977
-38.3446	-37.533478	2.115351001068763
-34.4453	-31.23953	9.3068441682377
-18.9694	-18.313177	3.4593781726258364
-14.226	-14.152559	0.5162417589224458
-7.55509	-8.657341	-14.589515943149317
-4.59315	-4.849183	-5.574234152716201
-1.52106	-1.4661772	3.608191996348468
2.19193	1.5146219	30.90008278566193
3.66064	2.3170984	36.702369577064026
3.21088	2.6796384	16.54504835266358
2.92095	2.849423	2.4487583084707714
3.22616	2.9602673	8.241771641509557
3.18913	3.0053825	5.7616819030783155
3.19411	3.0204468	5.436980688610373
2.83635	3.0350752	-7.006371782523855
2.8664	3.0395389	-6.040289446010344
-9.87329	-10.998892	-11.40047300779154
-41.3036	-32.836655	20.499292033583774
-49.6471	-49.28282	0.7337324772032585
-47.0481	-45.453148	3.3900447541658703
-45.83	-48.17411	-5.114790503793055
-46.6277	-47.333076	-1.5127824430516073
-47.1621	-46.31395	1.7983765126064626
-46.6874	-48.996124	-4.945067425606811
-45.2451	-47.56391	-5.125004521222174
-42.1719	-43.51287	-3.179769067899906
-35.9863	-36.63099	-1.791480722138426
-26.1384	-27.873396	-6.63773166602075
-21.147	-21.618055	-2.2275310860766524
-16.2836	-14.290651	12.238992299201058
-7.80537	-8.884314	-13.82309550458252
-4.43518	-5.1526012	-16.1756912809648
-1.04917	-1.6664798	-58.837919363496006
2.01494	1.4754249	26.775741778958455
2.29533	2.3093958	-0.612798255629401
2.2677	2.6789975	-18.137212486501756
2.85942	2.8491883	0.3578254717205314
2.98009	2.9591193	0.7036896082156884
2.8443	2.9928162	-5.22153698547485
3.20721	3.0125237	6.070273194779607
3.14798	3.024324	3.928107404163339
3.01517	3.0316484	-0.5465131174218403
3.11372	3.0361938	2.4898222710638866
2.93318	3.0389767	-3.606889865751677
2.70141	-9.7733345	461.78642050000286
-10.0585	-9.97493	0.8308443399902646
-29.2256	-18.221674	37.65166700157434
-50.4876	-47.733772	5.454460555823825
-48.0894	-45.15445	6.103115668391829
-44.9889	-47.43551	-5.4382515218038305
-43.6235	-45.961998	-5.360636165587249
-43.6329	-46.231476	-5.955541753733114
-43.6415	-46.29203	-6.073420610912754
-38.5234	-42.258522	-9.695724529487919
-36.0481	-37.017822	-2.690080089585031
-24.9694	-24.576357	1.5741007460226777
-19.9478	-18.332914	8.095556181103175
-15.1701	-13.863401	8.61364645496075
-10.7167	-10.728055	-0.10595986179566326
-7.06917	-7.595784	-7.449448652166417
-3.72287	-3.724525	-0.04445127839532742
-1.43847	-0.2716223	81.1172774533282
0.561708	1.6466563	-193.15166466183413
1.74777	2.7599697	-57.91378656150314
2.20397	2.8956795	-31.384707251744892
3.02012	2.9939346	0.867027632800389
3.41619	3.0128345	11.807170291402354
3.17986	3.024185	4.89566104084035
3.38633	3.0312407	10.4859597035815
3.44762	3.0357983	11.945098761677263
3.22446	3.0387535	5.759301823043078
3.2504	3.0413208	6.432416358753352
-14.0419	-11.7955675	15.997352349725098
-40.251	-36.26774	9.896055160763936
-48.0218	-50.079506	-4.284939096217562
-48.9663	-48.026	1.9203002254090027
-46.6716	-46.786896	-0.24703547620370944
-45.5798	-45.322914	0.5635951244305653
-39.9848	-43.21904	-8.088677728724381
-36.8269	-39.907104	-8.364005576576885
-34.9283	-36.638313	-4.895784778125178
-33.0129	-33.042473	-0.08957568718025397
-27.5214	-26.314917	4.383802499663875
-19.7205	-19.09205	3.1867871683188542
-15.0183	-15.24119	-1.4841220335831689
-11.4322	-12.349205	-8.02124307332344
-7.64375	-9.776682	-27.90425715213611
-3.04449	-3.0915089	-1.5443888754758697
-0.0309722	-0.10726631	-246.33093684397465
0.873783	1.5844803	-81.33567481779573
1.4449	2.3613348	-63.42547872647619
2.06566	2.7018638	-30.799055309980165
3.02139	2.8592644	5.365927256761581
3.41041	2.9380732	13.849853218921085
3.94025	3.0051022	23.733209347400187
4.01112	3.0134032	24.873768534395445
4.01421	3.0198812	24.77022677325371
3.79658	3.0249658	20.32393094930668
3.62606	3.0290327	16.464904064081857
3.50312	3.0322375	13.441801111402253
3.5862	3.0347917	15.37583768442919
3.6151	3.03682	15.996237641157705
3.46769	3.0384367	12.378653826664648
3.35474	3.03972	9.39029119810467
3.18602	3.040732	4.560172103314671
-49.4956	-53.66584	-8.425472881450638
-49.5169	-55.629967	-12.345416891939468
-48.1548	-53.102715	-10.275017404059035
-48.8096	-49.248436	-0.8990754617533027
-47.3647	-45.306854	4.344682971805291
-44.243	-43.53566	1.5987619284194385
-41.5743	-40.18039	3.3528153032361567
-35.8445	-32.30864	9.864447325210312
-32.3282	-27.851854	13.846569838213853
-27.2116	-23.155699	14.905042961887162
-22.1334	-18.813684	14.998669455983295
-17.2575	-15.288839	11.407564186164745
-13.1512	-12.387963	5.803553914628051
-7.20201	-7.080039	1.6935706525085559
-3.49467	-2.7055259	22.581361287863015
1.03202	1.359193	-31.70219600746707
3.88178	2.5692656	33.812177295945396
5.12289	2.8846383	43.69119165216407
4.26921	2.9825206	30.138815451311054
4.15403	3.0098777	27.543185938065335
3.79363	3.0247111	20.268681343094993
3.60896	3.0357776	15.882203133696569
3.57555	3.039454	14.99338798624573
3.05523	3.0415802	0.44676513744557655
2.99081	3.0428011	-1.738366052138466
2.96638	3.0434933	-2.5995790513972183
2.44037	-9.761548	500.0027550755428
-6.44216	-9.761752	-51.52917549858111
-7.32251	-9.866733	-34.74522961607708
-10.2435	-14.921656	-45.669507595506154
-12.6088	-20.867716	-65.50120506440939
-27.8541	-24.474215	12.13424525646811
-30.987	-28.155554	9.137527797420084
-30.9728	-28.295317	8.64462581811672
-29.7211	-30.844366	-3.7793561665918816
-28.4994	-32.30945	-13.368875014698606
-27.0852	-30.873465	-13.986477184341759
-33.1909	-28.353548	14.57432912739583
-32.726	-25.310312	22.65993116853219
-26.7662	-20.153059	24.70705713031749
-22.0741	-16.792925	23.92476021728157
-17.7823	-14.02426	21.13360578360272
-13.5869	-11.616237	14.504140796413422
-9.27571	-8.939653	3.6229755506906183
-5.51878	-5.4180994	1.8243311723170101
-2.61486	-1.5830858	39.458107112292865
0.245754	1.0720503	-336.22904109270087
2.44256	2.2976089	5.934392917253263
4.16032	2.7472663	33.965021410749536
3.60595	2.9195104	19.036307499690402
3.37214	2.9885607	11.374950685036108
2.93325	3.0188818	-2.9193505098211467
3.1737	3.0324612	4.450292203043347
3.23674	3.038522	6.124004410177114
3.23654	3.0411973	6.035543339010667
2.93889	3.0435634	-3.5616639724926538
2.68578	3.0440202	-13.338401548587134
2.50284	3.0442595	-21.632205692843137
2.34931	-9.761568	515.5078894062344
-7.3344	-9.777491	-33.31002372223196
-8.74499	-13.197718	-50.91746405887072
-32.4647	-36.989296	-13.936975657857785
-34.8711	-31.266237	10.337683577191303
-35.3715	-32.38745	8.436303508919888
-34.4731	-31.178614	9.55668393952096
-33.3115	-33.64881	-1.0125956064820594
-31.9304	-32.445152	-1.6121045168530923
-30.781	-29.973825	2.6223146714401295
-30.0779	-27.017427	10.175153502188595
-31.7907	-23.788523	25.17144310271683
-29.9375	-20.371279	31.95397490499413
-25.3707	-17.11654	32.5342211894941
-20.9411	-14.416109	31.158775524591256
-16.6439	-12.325762	25.944268734707684
-12.6936	-10.494146	17.327262602436445
-8.75452	-8.407119	3.9682541411667818
-5.21132	-5.708929	-9.548620038741213
-2.39072	-2.6260042	-9.841568198196024
-0.106428	0.93236643	976.0536927936836
1.54535	2.0822184	-34.74089807908227
0.830454	2.8355381	-241.44432531627382
1.62262	2.9410028	-81.25025392088747
1.81047	2.9917612	-65.24776617972766
1.84961	3.0247173	-63.53271112727257
1.56423	3.0341172	-93.9687443223872
1.8954	3.0390372	-60.33750932718012
1.88428	3.0414603	-61.41233415194244
1.59206	3.0431685	-91.14660265948004
1.84812	-9.76163	628.1924310369361
-7.10919	-9.765599	-37.36584995477915
-33.4405	-37.45852	-12.01543286700571
-34.8725	-35.52398	-1.8681705873260714
-36.4633	-33.695503	7.590634018350946
-36.1715	-32.55625	9.994745912896052
-35.2708	-33.243996	5.746412865458241
-34.1146	-34.385178	-0.7931397936561788
-31.9669	-30.17785	5.5965675612364825
-30.1164	-26.97629	10.42657834392581
-27.9593	-23.688623	15.274616312128101
-25.2796	-20.334383	19.56208604768251
-21.0126	-17.158007	18.344199609064603
-15.2406	-13.22806	13.205122581437234
-11.6542	-10.903228	6.4437869599750055
-8.39747	-8.199874	2.3530484637470748
-5.18292	-4.9905357	3.7118891240348684
-2.53698	-1.8587506	26.733728883883032
-0.0922411	0.43330228	569.7496953044537
1.22382	1.7390282	-42.09836875493491
0.833695	2.6989224	-223.73019788760786
0.889166	2.8550048	-221.0879403233602
1.06942	2.9626298	-177.0314610110752
1.14854	2.9964309	-160.89041929070194
1.4898	3.0159957	-102.4429983065207
1.71537	3.0275087	-76.49303832422477
1.37228	3.0343356	-121.11636179378239
1.52872	3.0384386	-98.75703309611097
1.43823	3.0408845	-111.43241450215123
1.45337	3.0423272	-109.32916034784503
-7.27008	-9.769691	-34.38217113044514
-9.09916	-12.05939	-32.53300096288072
-33.5034	-36.545364	-9.079572774478052
-35.0164	-35.57905	-1.606815044089776
-35.5635	-32.25843	9.293430120142558
-36.2483	-35.196007	2.9030103741483355
-36.0877	-33.246475	7.873111001975228
-34.9285	-34.646378	0.8077173556078402
-32.214	-28.558771	11.346711022655967
-30.4183	-24.104925	20.75518797086773
-26.8196	-21.218897	20.88287097098582
-23.8729	-18.369684	23.052146105770287
-19.1443	-15.717772	17.898428504491374
-14.9689	-13.286978	11.236109464374715
-11.1278	-10.739061	3.493400605947168
-5.73172	-5.9538746	-3.875880511348813
-1.48363	-1.239115	16.480857878172106
0.68272	0.75218374	-10.17455608412713
2.60044	1.8494256	28.880284249543138
2.64746	2.4024267	9.25540954942305
2.60853	2.6834464	-2.8719762273319875
2.71474	2.879507	-6.0693482469726066
2.32312	2.9426527	-26.66812536125269
2.78172	2.9800806	-7.130864609780826
2.60113	3.0033298	-15.462500675989672
2.42581	3.0180306	-24.41331022346366
2.47161	3.0274525	-22.489081368738546
2.55366	3.0335574	-18.792537568997947
2.42349	3.0388708	-25.39233716490173
2.17738	-9.761875	548.331218928598
-6.87103	-9.76386	-42.101838538962305
-8.75016	-9.926714	-13.446082094269688
-27.3486	-19.625563	28.23924299700465
-33.9494	-40.937904	-20.585053404455376
-33.5449	-29.060488	13.36838498570664
-34.6472	-34.637894	0.026864684346565
-35.0222	-33.423325	4.565323945687005
-34.8857	-30.894438	11.440969824529635
-34.1961	-32.55745	4.7919179875912254
-33.0468	-29.815954	9.77657329661019
-31.6094	-27.245783	13.804807973532425
-29.998	-24.985361	16.70990808446125
-28.0233	-22.859495	18.42682687778888
-25.715	-20.547415	20.095607008599423
-20.0782	-16.783945	16.407120178204895
-15.8345	-14.337816	9.45204486933828
-12.0221	-11.904718	0.97638553314645
-6.57527	-7.8098793	-18.776553571341807
-3.04092	-4.795825	-57.70967254569607
-1.00276	-0.8923819	11.007433520757425
1.44708	0.77711207	46.29792008179925
0.903547	1.7594295	-94.72473222678299
0.984658	2.3006756	-133.65225529091722
1.54809	2.5989943	-67.88392708634933
1.95032	2.7665143	-41.84925005210731
1.96788	2.8656802	-45.62271085126317
2.36624	2.948349	-24.600588630622696
2.47856	2.9801426	-20.23685641767654
2.33221	3.0156078	-29.30258215141733
2.22093	3.025222	-36.214195294257074
2.10952	3.0315652	-43.70877019446725
-9.3573	-9.937129	-6.196544175200574
-27.5765	-17.331697	37.1504813796183
-31.3712	-32.69771	-4.228424620721489
-30.5077	-23.856344	21.802219605958705
-31.5905	-27.523417	12.87438747243777
-32.4315	-27.133467	16.33607093526806
-32.0611	-29.926638	6.657483230959144
-31.1573	-29.110117	6.570479239594944
-29.2646	-27.578516	5.76151631624917
-26.8418	-25.29569	5.760083576627139
-25.0705	-23.212744	7.410126259855897
-22.6512	-20.502851	9.484477277733655
-18.5733	-17.519632	5.673020422154669
-14.538	-14.698797	-1.1060470350752463
-11.108	-12.263405	-10.401558022944162
-7.5776	-9.991043	-31.849702911245146
-5.01218	-7.544753	-50.528378831815616
-2.30896	-4.905281	-112.445479777954
-2.43339	-2.356696	3.151735429722026
-1.87929	-0.34056485	81.87800447165671
-1.09093	1.0273974	194.17629071187483
0.125791	1.8416464	-1364.0526761758988
0.505361	2.3107355	-357.24448670533445
1.14964	2.5779123	-124.23649239066562
1.51084	2.7375565	-81.19432579457931
1.76275	2.8372474	-60.955740977948295
1.62666	2.9024737	-78.43149195997219
2.03597	2.946064	-44.70075860617693
2.07869	2.9762988	-43.181462101162815
1.95779	2.997251	-53.09359060783348
2.21317	3.0116315	-36.07772645654695
-7.31542	-9.762795	-33.45502031476876
-8.05569	-9.777798	-21.377534730365316
-28.6204	-19.68426	31.222974606626497
-28.4377	-22.201132	21.930635710211142
-26.7572	-20.63175	22.892717022280177
-27.0198	-22.042444	18.421142727699547
-27.6823	-21.787432	21.29472164463729
-27.6369	-24.33703	11.940085695385582
-27.3972	-24.08655	12.083898779610697
-26.7855	-24.017984	10.332139503234137
-25.8086	-24.20629	6.208435224854315
-24.6401	-24.28148	1.455431118250566
-24.1	-23.50329	2.4759759154897365
-23.0186	-21.398676	7.037458892563507
-19.2813	-16.577898	14.020847260755168
-14.9137	-13.621963	8.661415661240705
-12.9982	-11.4500885	11.91020192007088
-9.82959	-9.613272	2.200683181411753
-7.21907	-6.3161764	12.507061831091105
-4.86399	-3.6568398	24.818102517458414
-2.99326	-1.1989548	59.94484749146969
-1.53894	0.5815287	137.78761234693906
-0.926713	1.6374274	276.69195835464416
0.4871	2.398229	-392.34835934882506
1.01851	2.7085896	-165.93647547291448
1.44205	2.8167233	-95.32771994426291
2.06171	2.8849945	-39.93212787417499
1.8648	2.931394	-57.19616781251974
2.22014	2.9636445	-33.489083157949224
2.32892	2.9953446	-28.61518572821722
2.1884	-9.762407	546.0979440156491
-8.48826	-9.782937	-15.252557528234657
-27.1217	-14.769297	45.54435566390067
-30.4956	-23.823835	21.877793613488013
-28.4925	-19.953535	29.96916779419526
-27.539	-22.268995	19.136513152768593
-25.182	-22.857882	9.22928176377113
-25.4119	-23.115492	9.036741600374807
-23.2661	-25.585398	-9.968571430211023
-24.2158	-25.46454	-5.156720754080028
-23.2988	-25.748957	-10.51623781720617
-23.4378	-26.218306	-11.863341264275839
-24.3276	-26.17874	-7.609213535843227
-26.8237	-23.914434	10.845877054561134
-25.8685	-20.851713	19.393419110750905
-21.9026	-17.226995	21.34725561621385
-16.2813	-13.884829	14.719162989143742
-12.474	-10.897494	12.63833304395885
-8.20828	-6.4349613	21.604019051923405
-5.17022	-3.4136481	33.97479806067416
-3.88858	-0.8672173	77.69835560479358
-2.34721	0.8578363	136.54706106057625
-0.753402	1.8387682	344.0620355019324
0.043482	2.3595574	-5326.515394388846
0.863271	2.6337128	-205.08528314434764
1.71706	2.7835622	-62.11211210863732
1.86282	2.872346	-54.19342068811844
2.48927	2.9467952	-18.379896856118165
2.65842	2.9759696	-11.945044681621585
2.56905	2.996066	-16.62155300923578
2.72413	3.0100605	-10.49621869887953
2.77926	-9.764883	451.34831155125636
-10.749	-10.208838	5.025222375405937
-26.7994	-18.671518	30.32859655001308
-32.0443	-28.01962	12.559735035542518
-34.4276	-24.46911	28.92589121161256
-28.5696	-26.50348	7.231876896109394
-27.1256	-26.759314	1.3503377637453156
-27.4299	-29.182486	-6.389328487736774
-32.7899	-26.317087	19.740268246499753
-26.5696	-25.030394	5.793107913914896
-27.4431	-24.736353	9.863124273357238
-27.8667	-24.306429	12.776074703001525
-27.5694	-23.295675	15.501698940094391
-25.3254	-20.360586	19.604086609810373
-16.9505	-16.239168	4.196526950096681
-12.6318	-13.225101	-4.696890286908619
-9.88324	-9.888637	-0.05460601073323164
-5.37479	-4.608039	14.26569711611824
-2.8057	-1.7656548	37.06901086246137
-1.69811	0.1589402	109.35982931009319
-0.172694	1.2963383	850.6562520007683
0.980369	1.9502864	-98.93391615274982
1.64826	2.3316147	-41.4591591415016
2.24187	2.644545	-17.96157515980927
2.99851	2.7665234	7.736726963004969
3.24949	2.850476	12.279280543773588
2.9555	2.9099767	1.5402865298539519
3.23205	2.9525127	8.648913412313185
3.19715	2.9826741	6.708345578713628
2.92763	-9.809565	435.0684440651271
-28.468	-16.99623	40.29707416824345
-39.7559	-51.519585	-29.589778934885445
-37.857	-51.909462	-37.11985658986788
-38.0521	-44.586662	-17.172668426376397
-36.1794	-36.033844	0.40232120472199434
-33.5946	-33.676834	-0.24478168305830736
-30.6802	-28.436338	7.313714088941423
-28.5701	-25.177847	11.873440354107338
-24.7721	-20.493109	17.273431084682716
-19.3412	-16.157972	16.458273321486942
-14.7073	-13.80221	6.1540209322927755
-8.80504	-8.7773075	0.3149656104776538
-3.58921	-4.3064733	-19.98387430835091
-0.838104	-0.2308904	72.45086640743523
1.47446	1.7114694	-16.07431908385924
3.19434	2.4640307	22.862602293933744
3.75106	2.7633066	26.33264700898476
3.2535	2.9333863	9.839055183843552
3.18286	2.994865	5.906479173373967
2.67184	3.014378	-12.820308269060419
3.10271	3.02593	2.474613501807978
3.20974	3.0329895	5.506689817179042
2.62077	3.0373712	-15.89613680696298
2.72366	3.0401177	-11.618841900870967
2.63048	3.041816	-15.637295746328322
2.26707	3.0428505	-34.219517727877005
2.2654	3.0434704	-34.34583176871355
-4.88888	-9.762141	-99.68053368061015
-4.72995	-9.975054	-110.89131788297385
-5.36888	-11.234071	-109.24422238321425
-6.65869	-11.74463	-76.38048779439835
-10.0653	-12.69524	-26.1287794317957
-17.5518	-13.339531	23.99907065681482
-17.967	-15.800665	12.057295409857575
-17.1593	-16.582922	3.3589824391160255
-15.7808	-16.509962	-4.6205656392001435
-14.3959	-15.949774	-10.793865200151439
-10.039	-14.515379	-44.589895326663154
-15.0865	-13.442897	10.894530252901795
-13.902	-12.237193	11.975307642620336
-10.8003	-10.785374	0.13819946869452232
-7.51921	-8.825543	-17.37328211192062
-4.32927	-2.819953	34.863082251099414
0.332002	-0.061757445	118.60152732385117
1.48235	2.4797497	-67.28503344591206
1.60489	2.8184602	-75.61703578150536
1.97018	2.9490361	-49.68358573946691
1.8669	3.0158658	-61.54404926678847
1.95277	3.0383422	-55.591403271419814
2.1189	3.0422554	-43.577106731158615
2.16026	3.043296	-40.8763830338358
1.89241	3.0438771	-60.84659564289964
1.98985	3.0442898	-52.990916885572986
-5.06509	-9.762019	-92.73139888069059
-5.83036	-14.8828945	-155.26544163885765
-21.5255	-15.03113	30.17058700050445
-23.4349	-17.528845	25.2019653547183
-23.5287	-18.557085	21.130002354931555
-22.3181	-19.90639	10.806075525129577
-20.8714	-21.718084	-4.0566683039947
-19.6695	-20.51266	-4.286630096747796
-17.6659	-18.15936	-2.7933002512735072
-16.2456	-16.398348	-0.9402429598891583
-16.2193	-13.8055935	14.881689885111971
-15.5028	-12.4023485	19.99929994493064
-12.8154	-11.250814	12.208637035446182
-8.38264	-9.560632	-14.052755256497989
-5.66276	-8.054864	-42.24272689334192
-3.58595	-5.9738235	-66.58971033267103
-3.47022	-3.4052038	1.8735488821213757
-2.46006	0.13827264	105.62069748529764
-2.00855	1.5812032	178.72362044420842
-1.48354	2.5576725	272.4033325951423
-0.849846	2.8036377	429.8995164135348
-0.423629	2.9222405	789.8112859778975
-0.0338755	2.9811358	8900.27130710951
0.24977	3.0112572	-1105.6120587663088
0.362025	3.0269375	-736.1128419137927
0.416543	3.0377479	-629.275923411718
0.759257	3.040506	-300.4580467646223
0.639395	3.0422099	-375.7950672995212
-5.45184	-9.761691	-79.05314957479168
-6.43533	-11.536573	-79.26933916425513
-22.3271	-19.473722	12.779887220309263
-23.9873	-17.463926	27.195117083354074
-23.766	-21.440374	9.785518388145194
-23.2493	-21.311258	8.33591414260785
-22.471	-23.453123	-4.37062165422489
-21.1383	-21.634459	-2.3472020040140555
-20.1264	-19.767347	1.783988483732514
-18.306	-17.148687	6.322038722949532
-15.8336	-14.581488	7.907945035314366
-12.4996	-12.996288	-3.9736301384756487
-9.31595	-11.473654	-23.161387818496262
-3.99224	-7.396453	-85.27075006802166
-0.685402	-2.1470325	-213.25158574943492
-1.67102	0.6244708	137.37062986551413
-1.94954	1.6565206	184.969811837854
-1.38371	2.2483096	262.48415127555256
-1.05204	2.5778284	345.0314221252418
-0.698487	2.7640438	495.71873661057185
-0.74931	2.8721776	483.3096498256033
-0.218189	2.959015	1456.1705117516126
0.0964504	2.990545	-3000.604046826375
0.123735	3.0104	-2332.9413923201005
0.184281	3.0230823	-1540.4740836600054
0.389015	3.0340238	-679.9246497615102
0.281334	3.0380516	-979.8735869045804
-5.66783	-9.761978	-72.23484412854765
-5.52881	-10.070434	-82.14468524776936
-20.1691	-26.386072	-30.824243076474097
-22.5138	-18.427755	18.14906578140865
-22.7437	-22.495558	1.0910372636465409
-22.2579	-21.311426	4.252306215749536
-21.3655	-22.116796	-3.5164026808490694
-20.6867	-20.348154	1.636542993783117
-19.8008	-17.93292	9.433355405024523
-18.3916	-16.551886	10.003012705736431
-17.2298	-15.168936	11.961041811938104
-15.7034	-13.764071	12.349734680868844
-12.7475	-12.290018	3.588800336477385
-9.35065	-8.262805	11.633895696902364
-3.85304	-5.613489	-45.68987553293239
-2.22127	-3.022596	-36.07511772968102
-2.35589	-0.92190814	60.86794688037093
-2.23197	0.5554939	124.88805018735657
-1.61394	1.5007039	192.983881034456
-0.513606	2.0741878	503.8480405724625
0.168949	2.4205375	-1332.7031678937376
0.756104	2.6342301	-248.39521588734064
0.894962	2.7694674	-209.45082078413606
0.878424	2.857178	-225.2618403829304
1.37929	2.9153137	-111.36336470468456
1.4206	2.9552073	-108.02528720450367
1.64157	2.9829178	-81.71127862071981
1.72405	3.009915	-74.58397580481221
1.60885	3.0212424	-87.78894091084092
1.62837	-9.761568	699.4686728710714
-5.74364	-10.120095	-76.19654693130575
-16.5985	-16.746069	-0.8890542073824743
-18.5134	-16.990469	8.226096866660424
-19.6024	-18.761045	4.292098812305135
-19.9229	-18.156477	8.866291245557706
-19.4848	-20.109495	-3.2060622298323347
-19.1022	-19.578585	-2.493875719491877
-18.5129	-17.530752	5.305204742053212
-17.2557	-16.6579	3.4643586196285248
-16.5585	-15.635202	5.5759752750211575
-15.5221	-14.404875	7.197644743194655
-14.1919	-13.050137	8.045178353537457
-10.946	-11.679914	-6.704863590856471
-7.93573	-10.271853	-29.438041267045584
-7.24708	-8.718477	-20.303314307431105
-6.023	-7.0196	-16.546574633845577
-4.94875	-5.2153244	-5.386701323658514
-3.73069	-2.581574	30.80170259453689
-2.43933	-0.45916247	81.17669791850335
-0.70568	0.5618778	179.62218521191966
-0.685566	1.3063376	290.5487611643618
0.326349	2.0217524	-519.5062305630223
0.782867	2.318993	-196.2180176848014
0.627231	2.528592	-303.1357031470495
1.46165	2.735765	-87.16963392435444
1.3127	2.8628469	-118.08842682791054
1.57101	2.9403086	-87.16039891074817
-5.28244	-9.762775	-84.81563592247032
-5.58911	-10.093651	-80.59496060689281
-13.3658	-14.067682	-5.251330765190609
-13.7869	-14.272589	-3.5228309371518027
-14.5264	-13.50986	6.9978769742767115
-15.2682	-14.23213	6.785802356396692
-15.3431	-13.9544735	9.050492634260971
-15.2862	-14.8207035	3.045204670460102
-15.1009	-14.857958	1.6087906102905685
-14.8164	-15.102991	-1.934285913452914
-14.4239	-15.854872	-9.920840646220666
-13.9796	-15.669207	-12.086230452101633
-14.4286	-14.484781	-0.389372168938478
-15.611	-12.325986	21.042944972668383
-17.6065	-11.256176	36.06806807197193
-15.6496	-10.384628	33.64285172361995
-11.9765	-9.094285	24.065583874211974
-9.58013	-8.059998	15.867552158211433
-7.18839	-6.8322563	4.954287009890319
-5.28593	-5.4361506	-2.84189139245236
-4.05026	-3.9531717	2.397088960680649
-2.32593	-2.555275	-9.86034975805835
-1.56947	-1.3085139	16.62702442238218
-0.810904	-0.29081404	64.13705780761842
-0.145506	0.5200567	457.41259728111606
0.593241	1.1557765	-94.82411815935244
0.780395	1.6401409	-110.16804967289411
1.04935	2.0127513	-91.80933875567929
1.28609	2.4147274	-87.757265719393
1.35512	2.5997252	-91.84465985254545
-6.75281	-9.762877	-44.57503561197483
-5.36747	-10.004016	-86.38234248960592
-8.72434	-12.09217	-38.60268115880244
-8.40702	-12.381822	-47.27956159443265
-8.38932	-11.902312	-41.8745708686301
-8.22219	-12.438164	-51.27555923262887
-8.78736	-12.456518	-41.7549514527282
-9.10869	-13.160917	-44.48748287379724
-8.98106	-13.179596	-46.74877916486679
-9.37375	-13.6417	-45.5308726983752
-10.9031	-14.5115795	-33.09590387386948
-14.0995	-15.020994	-6.535653770661056
-20.8201	-14.870596	28.57577354659501
-22.2051	-13.97901	37.04594804252617
-23.1211	-12.763235	44.79832108505818
-22.1082	-11.527258	47.85980821087693
-18.7553	-10.390507	44.59962541107001
-14.146	-9.310288	34.18430305728599
-9.2136	-7.5932302	17.586718365082454
-6.58806	-5.5255613	16.127639779582797
-3.56591	-3.9766755	-11.519230654796429
-2.03101	-2.4392745	-20.101558071309935
-1.031	-1.0811994	-4.868999861828226
-0.0199765	0.45412385	2373.290322749082
0.70777	1.1274223	-59.29219220154938
1.03388	1.6122125	-55.938072694744754
1.25153	1.970609	-57.455983395873446
1.56327	2.2388453	-43.215528175622076
1.82325	2.531195	-38.828731579198575
-5.89815	-9.763492	-65.53481489721705
-11.5987	-10.696587	7.777707797276757
-13.3531	-12.292944	7.93939896041492
-12.4773	-12.569208	-0.7366053326976166
-12.7985	-12.784706	0.1077778274541363
-12.1359	-13.283684	-9.457759838521547
-13.4652	-13.952158	-3.6164151643362135
-12.3153	-14.153666	-14.92749309096631
-15.8692	-15.763842	0.6639157955060504
-18.9829	-17.069483	10.07969147873998
-21.4802	-18.433737	14.182656768081085
-23.4603	-19.60047	16.45260624551929
-24.2773	-19.165194	21.057145351023784
-24.1244	-16.731546	30.644712543740646
-17.577	-14.394262	18.107398368602155
-12.8918	-11.875998	7.879445765478288
-9.09183	-8.270458	9.034176939678344
-3.58792	-4.328306	-20.635528602993443
-0.733079	-1.5415413	-110.28310780732619
0.112964	-0.54246783	580.2130107360149
1.01891	0.6059044	40.53406381500829
1.39313	1.1875248	14.758504763776694
1.97813	1.6513836	16.51794105457854
2.17251	2.021127	6.968111975998684
2.15796	2.3073351	-6.922056227171384
2.34217	-9.761978	516.792030923353
-7.5334	-9.763982	-29.609230135292904
-17.1115	-11.881665	30.563273949506396
-18.9912	-14.423159	24.053461443358938
-19.8931	-13.624244	31.512719332476422
-16.2974	-14.373449	11.80525882579161
-14.9632	-15.081255	-0.7889712538874951
-16.4903	-16.317472	1.0480511275823055
-20.3633	-15.920019	21.820044408917976
-17.8901	-15.84482	11.432470482373116
-18.2129	-16.278063	10.62344450431232
-21.1727	-17.647692	16.648840291685318
-22.6608	-18.798132	17.04559782492505
-23.6132	-20.125738	14.769117287017561
-23.1113	-20.212366	12.543359618492302
-18.5681	-19.161753	-3.1971646318163103
-13.8525	-16.45106	-18.75877557649191
-10.0802	-11.839244	-17.450483715199148
-7.36799	-6.640915	9.868025041750812
-5.10994	-2.61056	48.91212198664075
-1.70528	0.47193873	127.67514684627847
-0.592282	1.3702239	331.3465252495184
0.419007	1.8631701	-344.66323298440307
1.46683	2.2614949	-54.175661224989355
2.18637	2.4230115	-10.82349541454478
2.56379	2.5460515	0.6918889663327077
2.47404	2.647306	-7.003360163502002
2.60927	2.7330968	-4.745646775715657
2.88719	2.8382328	1.6956745525693215
2.60449	2.8940086	-11.116133680787746
5.013935910682776