9.00091	-0.67360246	107.48371129983478
55.1066	-0.9873868	101.79177917002546
80.7962	-1.0396398	101.28674651467594
66.0728	-1.1818441	101.78870370913505
73.1797	-1.1958574	101.63413370364925
71.1891	-1.2083106	101.69732859581147
74.018	-1.2175055	101.64487887518943
75.6511	-1.2201968	101.61293039017457
74.6264	-1.2197545	101.63448460307244
76.9807	-1.2088072	101.57027532370124
76.1089	-1.1848497	101.55678582834807
76.4607	-1.1687608	101.52857898491267
73.8665	-1.1301515	101.52998968170273
73.1168	-1.1082896	101.51578248804073
71.9137	-1.060764	101.47504655272212
71.6493	-1.0108929	101.41089275223861
70.3828	-0.96060514	101.36482470758943
68.6842	-0.93599164	101.36274343729433
66.6457	-0.9117998	101.36812515990995
61.2058	-0.888082	101.45097459708428
57.9936	-0.8649115	101.49138894907567
51.0817	-0.84257114	101.64945815999553
43.9504	-0.79995716	101.82013645294894
36.8367	-0.78074265	102.11946953975138
33.6779	-0.7641242	102.26892371590557
27.3058	-0.7480005	102.7393488297758
24.8078	-0.7327174	102.95357712245756
19.2762	-0.71784896	103.72402110370977
17.2976	-0.70343965	104.06668971975066
15.2414	-0.6898861	104.52639589392061
9.29712	-0.64343876	106.9208349758538
7.91303	-0.63337564	108.00421119183707
5.31769	-0.6147715	111.56087282608578
0.682379	-0.5901256	186.48061479225953
3.93496	-0.5826744	114.80763514351128
1.64859	-0.5756105	134.91532336060018
-0.288375	-0.5722583	-98.44241457364876
-1.24487	-0.59384364	52.29673267305874
-2.02214	-0.67470866	66.63393256121876
-2.72062	-0.7386421	72.85022829073463
-3.36748	-0.80820227	75.99979043112778
-4.11594	-0.87161314	78.82347639274158
-5.6058	-1.0241792	81.73001259333893
-5.96612	-1.0601612	82.23030788387977
-6.25728	-1.1003247	82.41528822286236
-6.52646	-1.1132296	82.94282470952867
-6.40001	-1.1249354	82.42291604237109
-5.77919	-1.1365211	80.3342453365721
-5.60338	-1.1562334	79.3654317793848
-5.36063	-1.1635159	78.2951623795505
-5.16161	-1.1702912	77.32701314708488
74.2581	-1.1769785	101.58498403087673
91.5426	-1.0950773	101.19624905156171
92.1261	-1.0724797	101.16414269567787
89.4982	-1.0488571	101.17193267448137
82.3538	-0.90515697	101.09911020441666
78.54	-0.8826302	101.123796007439
88.9601	-0.860982	100.96783256653544
86.7714	-0.83998615	100.96804788688877
87.0056	-0.8196049	100.94201174009325
83.9359	-0.8001747	100.95331189532912
67.5896	-0.78148067	101.15621173427922
77.172	-0.7459141	100.96655609916591
72.1371	-0.71326154	100.98876231947148
69.8094	-0.6984314	101.00048546140363
65.3492	-0.67722785	101.0363261708375
62.9363	-0.6576809	101.04499395182786
60.4446	-0.64832866	101.07259686205069
48.5171	-0.63068414	101.29992081592853
41.8512	-0.61409014	101.46731745875346
38.2295	-0.6063756	101.58614852627825
24.0016	-0.59619755	102.48398907448184
21.1565	-0.627462	102.96581377429105
18.7709	-0.67379594	103.58957574757467
16.8918	-0.8033259	104.75571375791426
14.8242	-0.8618152	105.81357153426015
12.5112	-0.9589738	107.66492333529284
9.52232	-1.0043061	110.54686107268633
8.06157	-1.0410774	112.91407991488163
6.46834	-1.0674027	116.50195958862645
5.10449	-1.0852522	121.2607396002444
3.87844	-1.0974467	128.29607958416844
1.60365	-1.1314263	170.5532050027389
0.612822	-1.1479577	287.3231754246265
-0.246991	-1.1551563	-367.6916565838838
-1.06795	-1.1685315	-9.41818678648282
-1.84874	-1.1738429	36.50578671948121
-2.6617	-1.1777747	55.75103643602339
-3.29821	-1.1798906	64.22633287780307
-3.83422	-1.1769365	69.30440488191557
-5.00636	-1.1710249	76.60925729048343
-5.48246	-1.1476332	79.06718751956939
-6.20545	-1.1122477	82.07628042046534
-6.71706	-1.0913557	83.75247822484421
-5.55717	-1.0453367	81.18940504863899
-5.44313	-0.99664015	81.68994305861085
-5.5527	-0.9722424	82.49063792630841
64.4836	-0.77999693	101.2096080522537
94.7348	-0.6606548	100.69737007412371
99.169	-0.6399941	100.64535466579845
98.5369	-0.632764	100.64216217672677
97.3313	-0.62569904	100.64285785952758
96.7021	-0.6126671	100.6335652292737
96.3584	-0.60637134	100.62928507362852
94.9245	-0.5945131	100.62630084173341
84.4325	-0.5833828	100.69094440393768
80.4185	-0.57799065	100.71872473463121
75.0647	-0.5592568	100.74503398760835
65.6337	-0.5925181	100.90277051265062
61.9166	-0.62189806	101.00441345038048
57.8307	-0.6654581	101.1507014096531
46.9021	-0.7874255	101.67887152479557
43.1027	-0.8429153	101.95559581043257
36.1164	-0.8929113	102.47231164323155
32.9219	-0.99018514	103.00767796730558
29.5342	-1.054936	103.57191131450973
27.0499	-1.0717733	103.96220883210744
23.8168	-1.0841589	104.55208041860317
16.763	-1.1100087	106.62177538276684
14.9628	-1.1227942	107.5039040110116
11.4545	-1.131804	109.88086335477882
9.47821	-1.1464734	112.09587967106916
0.0419735	-1.1529684	2846.895868139452
5.64975	-1.1583627	120.50290398227268
4.27544	-1.1646382	127.24019009958235
3.11165	-1.1647863	137.43307706582826
2.04142	-1.1624385	156.94263808381265
1.04615	-1.157232	210.61817906679573
-0.76941	-1.1212301	-45.725959475876394
-1.51566	-1.0820725	28.607176907725314
-2.23019	-1.0596588	52.48571882154287
-2.90945	-1.0359523	64.39353450486999
-4.18135	-1.0115032	75.80917254756483
-5.22075	-0.9866742	81.10090818038223
-5.65732	-0.9374577	83.42929942533289
-6.02778	-0.91343844	84.8461902777836
-6.94433	-0.8258561	88.10747497341951
-6.21636	-0.8062052	87.03091100383749
-5.97184	-0.7877134	86.80953374104588
-5.96817	-0.7699489	87.09907831155881
-5.71442	-0.75322264	86.81891624395747
103.252	-0.6570077	100.63631243661075
99.5733	-0.64578027	100.64854981184976
40.0379	-0.58329946	101.45686398089883
76.4631	-0.56215155	100.73519001022832
84.7678	-0.60825443	100.71755251813907
520.562	-0.649988	100.12485801197062
102.898	-0.7698655	100.74818453587356
104.882	-0.826648	100.78816657542313
103.808	-0.8789021	100.84665789917364
95.5881	-1.063943	101.11304858366518
92.2517	-1.0770711	101.1675363464682
89.1259	-1.0898514	101.22282229532671
78.0642	-1.1282061	101.44522627032697
70.2596	-1.14274	101.62645158586115
62.9378	-1.1455902	101.82019056333118
59.1522	-1.1397707	101.92684385550889
54.8357	-1.1327362	102.06569112025517
50.6956	-1.1089381	102.1874410015631
10.2345	-1.091763	110.66748257094831
38.0974	-1.0717227	102.81311564377908
5.83295	-1.0495255	117.99305183541367
28.0439	-1.0257046	103.6574989730043
25.7876	-0.9754193	103.78251568457668
22.9935	-0.94984645	104.13093386298512
20.3432	-0.9245845	104.54493546412724
15.4614	-0.89980495	105.81968071087084
13.7815	-0.8526897	106.18720568543937
-1.33899	-0.83056986	37.97041949341994
7.18375	-0.80959815	111.26985142660514
-3.45476	-0.7708318	77.68783340374819
2.27545	-0.72041214	131.6601999029959
1.31866	-0.7055855	153.50776307703268
0.311222	-0.69153374	322.19952413496776
-0.56933	-0.6783303	-19.145369047753654
-2.72411	-0.65409654	75.98861168352698
-4.0763	-0.6324639	84.48436303352318
-4.61801	-0.6225041	86.52007621530483
-5.09732	-0.6131078	87.97196033061253
-5.5947	-0.6041293	89.20175649129936
-6.48255	-0.5957383	90.81012259530104
-6.79052	-0.5876496	91.34602643554031
-7.19307	-0.58014935	91.93460957572248
-6.18995	-0.5661462	90.85378113351965
34.5807	-0.5466976	101.58092725272454
52.6477	-0.54373294	101.03277384653987
7.06655	-0.5400437	107.64225609156613
7.06655	-0.546728	107.73684685358857
14.9072	-1.2481363	108.37270937627069
65.5753	-1.2642224	101.9278922863599
72.5007	-1.277284	101.76175220555768
77.4439	-1.2850075	101.65928016781459
77.0064	-1.2842758	101.66775599419937
75.7875	-1.2724643	101.67898527213497
74.4417	-1.2481636	101.67669633050305
70.5946	-1.2117398	101.7164749715632
65.0327	-1.1652977	101.79186542977764
51.1894	-0.86944044	101.69848052693071
43.7137	-0.8297471	101.89813778941162
36.6404	-0.7934595	102.16553544011849
30.2624	-0.76038533	102.5126411702654
24.4729	-0.73025304	102.9839259260183
19.0989	-0.7026975	103.67925775696462
14.7216	-0.67739487	104.60136728563252
8.68092	-0.65419954	107.5360633067197
5.90165	-0.6329757	110.7254002433775
2.03618	-0.6135478	130.1322965618069
-0.129224	-0.546728	-323.08549878944785
-1.96623	-0.5763787	70.68610015573606
-3.53525	-0.6624265	81.2622450644268
-4.79758	-0.8118632	83.07765115561142
-6.52183	-1.2056592	81.5134805055015
-6.37072	-1.2481363	80.4082342642059
-5.56454	-1.2642224	77.28074260095772
-5.01289	-1.2850075	74.36593437785129
8.23001	-1.2724643	115.46126667494033
41.9728	-1.2481636	102.97374750952429
65.5753	-1.060612	101.61740091954869
72.5007	-0.98360795	101.35668263246711
77.0064	-0.8491603	101.10271253949246
76.0153	-0.81119365	101.0671475429712
75.1542	-0.77653664	101.03325570363097
70.5946	-0.74497473	101.05528222004274
65.0327	-0.7026975	101.08052988479776
51.1894	-0.5400437	101.0549896661404
43.7137	-0.9474926	102.1675001684224
36.6404	-1.0652953	102.90743598609109
30.2624	-1.1369649	103.7570212879406
24.4729	-1.1744266	104.79888780538901
19.0989	-1.2056592	106.31271893329328
14.7216	-1.2300467	108.35539113371004
8.68092	-1.2564526	114.47372641938505
5.90165	-1.2712566	121.54069552060787
3.15185	-1.2819892	140.6741863370726
-1.13029	-1.2858751	-13.765055539383814
-2.72347	-1.2724643	53.27782982162137
-4.24951	-1.2481636	70.62805463456147
-5.27313	-1.1895915	77.44050646761715
-6.52183	-1.1397619	82.52389420724269
-6.37072	-1.087059	82.9366376734533
-5.56454	-1.0344534	81.40990254579258
-5.01289	-0.91258276	81.7952737959621
72.5007	-0.81119365	101.11887933803173
75.5424	-0.77653664	101.02794598753945
77.0064	-0.74497473	100.96741597935994
76.0153	-0.716175	100.94214098150675
54.6258	-0.60454357	101.10669640818261
43.7137	-0.61012316	101.3957242005696
36.6404	-0.73207235	101.99798835218225
27.0917	-0.88391364	103.26267105129854
21.5344	-1.0094103	104.68743412444815
12.6264	-1.1575196	109.167453439418
8.68092	-1.1902686	113.71131821179961
4.46706	-1.2201943	127.3153777968306
2.03618	-1.2393669	160.86726106797866
-1.13029	-1.2564526	-11.161960690013036
-2.72347	-1.2712566	53.32217432787937
-4.24951	-1.2819892	69.83207112134066
-5.27313	-1.2858751	75.61457622627911
-6.17971	-1.2798835	79.2889406935652
-6.7128	-1.261897	81.2016284974842
-5.71089	-1.2313675	78.43825344813939
-5.44372	-1.1895915	78.14745362511243
-5.32504	-1.1397619	78.59618042415893
47.218	-1.0344534	102.19080515579563
57.7481	-0.98360795	101.7032737718946
77.7707	-0.7934595	101.02025190215666
75.7875	-0.73025304	100.96355618229369
75.1542	-0.7026975	100.93500799087488
54.6258	-0.60454357	101.10669640818261
7.06655	-0.546728	107.73684685358857
16.8979	-0.73207235	104.3323303270234
33.4626	-1.1081337	103.31156335712869
27.0917	-1.1575196	104.27260124418353
21.5344	-1.1902686	105.52729316006727
12.6264	-1.2393669	109.81567613865529
8.68092	-1.2564526	114.47372641938505
5.90165	-1.2712566	121.54069552060787
3.15185	-1.2819892	140.6741863370726
-1.13029	-1.2842758	-13.623559836145107
-3.53525	-1.2724643	64.00638444533631
-4.79758	-1.2481636	73.9834716427992
76.6858	-1.2117398	101.58013427236371
72.5861	-1.060612	101.4611827511127
-6.52183	-0.98360795	84.91822453736927
-6.37072	-0.9354521	85.3163849977785
-5.56454	-0.8491603	84.7397950553254
-5.32504	-0.7934595	85.09946524792034
57.7481	-0.5400437	100.93516994424347
77.7707	-1.1081337	101.42487007239178
75.7875	-1.1902686	101.5705353708452
75.1542	-1.2201943	101.62358456749536
51.1894	-1.2798835	102.50029175063347
43.7137	-1.261897	102.88673358649633
36.6404	-1.2313675	103.36068662135514
30.2624	-1.1652977	103.85064791453387
24.4729	-1.087059	104.44188879799682
19.0989	-0.98360795	105.1500780360248
14.7216	-0.9354521	106.35428545812464
8.68092	-0.89058316	110.25908630101891
5.90165	-0.8491603	114.3885218763031
3.15185	-0.81119365	125.73706580053263
-1.96623	-0.77653664	60.506320718048265
-3.53525	-0.716175	79.74188275855138
-5.27313	-0.68976456	86.91925843837645
-6.17971	-0.6655842	89.22952538354978
-6.7128	-0.64339244	90.41543677183915
-5.71089	-0.6230856	89.08951986723449
-5.44372	-0.60454357	88.8946584132103
-5.01289	-0.546728	89.09355383422405
7.31968	-0.5763787	107.87437163210902
65.5753	-0.6624265	101.01018186438158
72.5007	-0.8118632	101.11980537971287
77.7707	-0.9474926	101.21831811277727
75.7875	-1.1369649	101.50019846744676
75.1542	-1.1902686	101.58376977834166
70.5946	-1.2300467	101.74241257541493
65.0327	-1.2481363	101.91924744889879
33.4626	-1.1895915	103.55498505475364
27.0917	-1.1397619	104.20704860857121
19.0989	-1.087059	105.69173633051322
8.68092	-1.0344534	111.91640326218739
5.90165	-0.98360795	116.66665724031942
3.15185	-0.9354521	129.6794653057603
0.991444	-0.89058316	189.82687524761522
-1.13029	-0.8491603	24.872352228958103
-2.72347	-0.81119365	70.21469989523824
-5.27313	-0.77653664	85.27370890681468
-6.17971	-0.74497473	87.94482873990792
-6.7128	-0.716175	89.33120193394376
-5.71089	-0.67739487	88.13854077499765
-5.44372	-0.65419954	87.98248961047652
-5.32504	-0.6329757	88.11322366548829
7.06655	-0.546728	107.73684685358857
75.5424	-0.61012316	100.80765597672998
65.5753	-1.2642224	101.9278922863599
72.5007	-1.2819892	101.76824502052655
16.8979	-1.2481636	107.38649921450362
74.4417	-1.2117398	101.62776847469819
69.642	-0.86944044	101.24843943700978
33.4626	-0.6655842	101.98904015266723
27.0917	-0.64339244	102.37486969204764
21.5344	-0.6230856	102.89344023876222
12.6264	-0.546728	104.33003971377082
8.68092	-0.5763787	106.6396055458416
5.90165	-0.73207235	112.40453702482019
3.15185	-0.88391364	128.0442838202677
0.991444	-1.0094103	201.81213165825702
-1.13029	-1.1369649	-0.590546281413607
-2.72347	-1.1744266	56.87756547916535
-4.24951	-1.2056592	71.62827703462395
-5.27313	-1.2300467	76.67330858326427
-6.52183	-1.2481363	80.86218089298383
-6.37072	-1.2642224	80.15574121910414
-5.56454	-1.2850075	76.90721069958524
57.7481	-1.0087416	101.74679908296285
77.7707	-0.86944044	101.1179508319026
76.0153	-0.8297471	101.09155669250805
75.2188	-0.7934595	101.05486526682665
74.4417	-0.76038533	101.02144841826409
70.5946	-0.73025304	101.03443487094691
-5.70357	-0.68976456	87.90644257754602
51.1894	-0.6655842	101.30023904921636
43.7137	-0.64339244	101.47182843186363
36.6404	-0.6135478	101.67451305098427
30.2624	-0.5400437	101.78453421745945
21.5344	-0.61012316	102.8332465916543
14.7216	-0.88391364	106.00419804315892
8.68092	-1.0652953	112.27168621198945
5.90165	-1.1369649	119.26520222706341
3.15185	-1.1744266	137.2615067213109
-0.129224	-1.2056592	-832.9993417954363
-1.96623	-1.2300467	37.441361014380256
-3.53525	-1.2564526	64.45930050978853
-4.79758	-1.2712566	73.50213005257595
-6.17971	-1.2819892	79.25486606998524
-6.7128	-1.2858751	80.8444268343221
-5.71089	-1.2798835	77.58872214527591
-5.44372	-1.261897	76.81921335689262
-5.32504	-1.2313675	76.87589915591948
69.642	-0.8491603	101.21932061336643
77.4439	-0.7934595	101.02455715733464
57.7481	-0.67739487	101.17301671163203
72.5861	-0.6329757	100.87203023332445
77.0064	-0.6135478	100.7967497121629
76.0153	-0.53449553	100.70313807117736
74.4417	-0.79865634	101.0728564879577
70.5946	-1.0322782	101.46226483914633
51.1894	-1.1980202	102.34036918117707
43.7137	-1.1919605	102.72674104245955
36.6404	-1.1748298	103.2063825518651
30.2624	-1.1453658	103.78478468680585
24.4729	-1.1041288	104.51164256641493
19.0989	-1.0536917	105.51702911041329
14.7216	-0.969915	106.58838317683632
5.90165	-0.86597955	114.67351805903645
2.03618	-0.82066244	140.30402472589557
-0.129224	-0.78019124	-503.7510280122084
-1.96623	-0.7443772	62.14190393522273
-3.53525	-0.71279764	79.83741879251652
-4.79758	-0.67254674	85.98153868295145
72.3951	-0.56695014	100.78313022560613
-6.7128	-0.53786135	91.9875261422945
-5.71089	-0.5799979	89.8439991837419
-5.01289	-0.87250775	82.59471889104246
77.0064	-1.1881614	101.5429415489336
76.0153	-1.2024875	101.58189756447473
-5.32844	-1.2139993	77.21661071064256
54.6258	-1.1679455	102.13808463873792
37.1179	-1.1258531	103.03318470725527
73.6354	-1.0503764	101.42645644388942
77.157	-0.85076845	101.1026466406714
33.4626	-0.80874175	102.41685495473106
27.0917	-0.77028936	102.84326372569471
21.5344	-0.71848446	103.33645166421795
14.7216	-0.67413056	104.57919288014368
7.25939	-0.63369864	108.72936257935146
4.46706	-0.6152207	113.77238126306027
0.991444	-0.5898064	159.48963758448977
-1.96623	-0.5684698	71.08833290398354
-3.53525	-0.54462624	84.59440650885934
-6.52183	-0.5763576	91.16264365349545
-6.37072	-0.6582918	89.66691636038767
-5.56454	-0.86488026	84.45729388091505
-5.01289	-1.1007714	78.04118068729981
7.5791	-1.148734	115.15659637516693
-5.30357	-1.2250038	76.90227965351338
80.7396	-1.1882647	101.47172257819625
78.8422	-1.1258836	101.42802330751726
55.868	-0.88789445	101.5892705596635
48.7678	-0.8213828	101.68427618309057
41.2863	-0.7821548	101.894463952362
34.4461	-0.74684656	102.1681562836454
28.4109	-0.7002972	102.46488636093574
22.5996	-0.6730602	102.9781919517071
15.2268	-0.63705194	104.18375222505531
11.9352	-0.6158651	105.16007077607254
5.61291	-0.56987417	110.15292081258164
2.99051	-0.55809134	118.66208120028944
0.953835	-0.5374257	156.34368108973638
-1.74761	-0.60065126	65.63013066494133
-3.1374	-0.7917414	74.76441023164843
-4.46497	-0.920683	79.37986405190843
-6.14468	-1.0331296	83.1865990063267
-6.22847	-1.1037126	82.27955524279194
7.78998	-1.2257972	115.73556881371668
78.8865	-1.0307653	101.30663897048021
90.9149	-0.9737507	101.07105351801778
87.6871	-0.893674	101.0191655608073
86.9556	-0.82356983	100.94711586211785
81.0106	-0.78268886	100.96615996220082
75.6035	-0.74613994	100.98691135033829
60.9306	-0.6470496	101.06194417674628
54.1319	-0.61516196	101.13641288557092
47.1999	-0.5965691	101.26392013817639
39.7105	-0.5722151	101.44096914187872
33.2281	-0.5514158	101.65948246418968
27.0381	-0.5236782	101.93681449399048
17.3957	-0.54329646	103.12316721812535
11.4514	-0.64501524	105.63262809757403
8.10156	-0.7906501	109.75923652938323
5.39618	-0.98276764	118.21228265355084
3.02967	-1.0798529	135.64258877750896
-0.0817629	-1.1437947	-1298.9163963542658
-1.75656	-1.1876395	32.388333076689776
-3.90863	-1.2195747	68.79789791156291
-5.02646	-1.2287879	75.55361313377321
-5.83719	-1.2061915	79.3360930770189
-6.83407	-1.1750748	82.80564082655391
-5.73514	-1.130539	80.28750875080857
7.63337	-1.0454223	113.69542008017447
3.50942	-0.9854702	128.08071755337485
-2.97917	-0.82597494	72.27499880957573
60.1746	-0.56035155	100.9312107394191
79.9629	-0.5405579	100.67601084143848
87.2425	-0.53883684	100.61762743648934
88.368	-0.71254796	100.80634090706985
82.6312	-0.86367834	101.0452201472545
70.2648	-0.9871508	101.4049027182937
58.6425	-1.0844786	101.84930767239237
50.5607	-1.1326358	102.24015299621614
42.7809	-1.1802789	102.758891945576
31.764	-1.2200234	103.8409019998458
26.1888	-1.2328594	104.7075796509283
21.1424	-1.2303092	105.81915245932977
71.3709	-1.2035263	101.6863025505715
10.6594	-1.1681509	110.95888045574242
1.22427	-0.96719575	179.00184431798453
-1.40674	-0.9083483	35.428838727555146
81.5436	-0.8545383	101.04795219123953
-4.79332	-0.78459597	83.63147177651808
-5.8284	-0.7098365	87.82107496816873
-6.92699	-0.6791328	90.19584357378227
-6.07119	-0.6521993	89.25747207397177
-6.10127	-0.60740215	90.044657835449
-4.97161	-0.5160012	89.62104394094045
-5.51076	-1.1400692	79.31193665152968
55.4481	-1.1735318	102.11644863669609
74.3438	-1.2036694	101.61905448991116
90.7385	-1.2362385	101.36241676705251
78.6557	-1.0798496	101.37288109288855
63.3441	-0.9214529	101.4546822347307
55.163	-0.8648149	101.56774429695375
46.9285	-0.814403	101.73541347867526
38.9523	-0.74979967	101.9249127812916
31.711	-0.7134186	102.24975229609923
26.2109	-0.6816286	102.60055624848094
20.4774	-0.653837	103.19296985717752
14.1305	-0.6184623	104.37679183024954
47.4606	-0.58898294	101.24099064486695
5.90942	-0.5719863	109.67922735438658
3.27525	-0.54282266	116.57347092177744
1.18708	-0.52469265	144.20027658305943
-0.75426	-0.58418506	22.54858257411681
-3.15349	-0.706462	77.59745895724828
-5.8502	-0.9888394	83.09733690261582
-6.93108	-1.0916305	84.25021093145017
-6.06107	-1.1451788	81.10599611281108
-6.15502	-1.256488	79.58596725925206
76.5055	-0.7908163	101.03367372612483
85.7047	-0.6927814	100.80833322799351
87.8585	-0.6622494	100.75376511327187
71.6031	-0.60204124	100.84080594453245
55.3844	-0.5829351	101.0525262337754
39.7057	-0.55068827	101.38692857289027
87.6944	-0.5369797	100.61233065489965
23.752	-0.524595	102.20863608436565
19.1243	-0.51344126	102.6847575374445
14.7504	-0.5069237	103.43667757920697
10.9265	-0.54526055	104.99025683788786
57.3742	-0.6314719	101.10062284653593
3.5614	-0.8541919	123.98471935975768
1.46581	-0.9801926	166.870370739352
-1.3561	-1.1123111	17.97720264023838
-2.91258	-1.1522536	60.43873052327204
-4.82679	-1.1869965	75.40815955565179
-6.84883	-1.2480812	81.77672439493651
-6.09833	-1.259808	79.34175324738791
76.2384	-0.5898304	100.77366322682913
66.6027	-0.57143044	100.85797426707228
80.5514	-0.5406808	100.67122351294033
84.3902	-0.5276281	100.62522194714639
73.3766	-0.49048287	100.66845033770316
54.095	-0.5771007	101.06682472208666
45.9927	-0.697872	101.5173542367694
38.8727	-0.90964377	102.34006149999338
23.6896	-1.1187179	104.72239798914234
18.2892	-1.1656494	106.37343035755852
14.5235	-1.2022513	108.27797292454117
9.20003	-1.2221164	113.28383088880805
3.65149	-1.2394583	133.94390595802582
1.55129	-1.253574	180.80847978247257
-0.462551	-1.2648375	-173.44822725048124
-2.05004	-1.256511	38.70797794636292
-6.13795	-1.2362058	79.85962632380102
-6.88232	-1.2032709	82.51649262318985
-6.56096	-1.159484	82.32752612227485
-5.95188	-1.0568556	82.24333013379189
76.308	-1.0044886	101.31635752694353
80.7217	-0.95422864	101.18212479637971
49.5858	-0.8230992	101.65995313348648
75.4638	-0.7224687	100.9573670147508
86.4954	-0.7080845	100.81863788217912
82.6073	-0.68110645	100.8245113555257
65.407	-0.65618664	101.00323969622862
35.104	-0.6331763	101.8037115274296
29.4514	-0.62234414	102.1131251984973
21.5526	-0.61194026	102.83928787931082
16.6517	-0.6019167	103.61474984897401
6.36916	-0.5250782	108.24407429249035
6.36916	-0.5439477	108.54033627217052
64.1061	-1.0626373	101.65762274747502
73.3487	-1.0272743	101.40053615778137
77.7555	-0.98131245	101.2620529773188
81.9321	-0.9277406	101.13233033528994
80.2602	-0.84193385	101.04900585701432
76.8978	-0.7881719	101.02495766507248
72.379	-0.71962	100.99423834651297
66.969	-0.6654751	100.99370443100467
60.4303	-0.6239333	101.03248183040924
52.68	-0.5925728	101.12485052223263
45.473	-0.57617676	101.26707209797195
38.243	-0.5625684	101.47103695866396
23.2505	-0.53696305	102.30946652974522
18.5067	-0.5290351	102.85861635782757
12.5045	-0.5219796	104.17433176638751
7.69713	-0.5156493	106.69924740671136
5.27251	-0.5358708	110.16348994393275
1.91207	-0.5853301	130.61238536657322
-0.795477	-0.7288482	8.375950077211042
-2.30013	-0.85775703	62.70831942636827
-4.11275	-0.96287465	76.58805814961099
-5.16944	-1.0318627	80.03917683268517
-5.98152	-1.0650432	82.1944431977374
-6.51985	-1.0868784	83.32970333901943
-5.87586	-1.1081194	81.14115299955236
-5.65367	-1.1225386	80.1449571778768
93.8662	-1.0265772	101.0936639326694
88.1148	-0.8235382	100.93462135596334
86.5412	-0.7798542	100.90113591242203
84.919	-0.7405308	100.87204504594267
82.5379	-0.7059881	100.85534766298332
79.0761	-0.674999	100.85360228306506
71.3303	-0.6477649	100.90812196070232
65.5819	-0.6230233	100.94999378195618
60.2563	-0.60091305	100.99726332801293
56.1929	-0.5827754	101.03709738998299
48.116	-0.571328	101.18739545279153
42.0204	-0.5603483	101.33351538156232
35.2424	-0.54971194	101.55980613479295
29.3664	-0.5395194	101.83720261247218
19.6916	-0.53269506	102.70519281639896
15.313	-0.60595024	103.95709767124848
12.1004	-0.7134292	105.89591627300003
8.84063	-0.8882681	110.0475702885587
6.09154	-0.9867936	116.19941001425845
3.88178	-1.0708501	127.58657520422888
1.80205	-1.0955219	160.793099495121
-0.0314511	-1.1228217	-3470.055516139005
-1.60318	-1.1402322	28.87684669064812
-3.04754	-1.1521637	62.19364592109297
-4.20722	-1.1569862	72.49998299932678
-5.90616	-1.1324544	80.82587639465643
-6.63195	-1.0988221	83.43138695016546
-6.34342	-1.0514287	83.42489083008823
-5.9331	-0.9958876	83.21471542995029
51.6373	-0.7209188	101.39612369839917
86.9394	-0.6871932	100.79042968600885
104.501	-0.63244003	100.60519867081887
102.889	-0.61013895	100.59300599657405
99.7669	-0.5904634	100.59184131834407
93.927	-0.5649643	100.60149294950939
85.487	-0.5501671	100.64357259183261
75.7787	-0.5368863	100.70849474843408
66.9512	-0.52774906	100.78825784907585
59.2168	-0.51932144	100.87698328109904
51.252	-0.51806796	101.01082185544998
43.6404	-0.5566163	101.27546433504902
36.7375	-0.63108814	101.71783128939626
30.5411	-0.7628665	102.49783729190726
24.179	-0.885234	103.66117209760223
19.7152	-0.9924092	105.03372388354485
15.0783	-1.0603955	107.03259758048071
11.9055	-1.0941882	109.1906148613782
8.71091	-1.1221957	112.88264100999655
4.71876	-1.1422901	124.20742127315226
0.777459	-1.1578921	248.93287879617264
-0.951284	-1.1583743	-21.769557785993232
-2.39044	-1.1473283	52.003469498810716
-4.27159	-1.1225169	73.72133539714679
-5.30597	-1.0826226	79.59614379821532
-6.22198	-0.99868596	83.94906731365087
-6.82744	-0.9356156	86.29624619164211
-7.39127	-0.8735136	88.18181882695379
-6.45342	-0.81591433	87.35687227012245
81.6664	-0.5677049	100.6951491277518
88.9578	-0.5515716	100.62004084605695
68.3479	-0.537572	100.78652711347976
99.3066	-0.5054624	100.50899198429049
105.521	-0.49724257	100.47122920653678
106.002	-0.48998934	100.46224622125374
100.344	-0.5415693	100.53971593841955
86.8465	-0.61912864	100.71289619106989
77.0724	-0.7591295	100.9849600585387
68.9462	-0.8891897	101.28968776516237
59.7984	-1.00031	101.67280224182612
51.0388	-1.0684589	102.0934241637309
39.0665	-1.1013275	102.81910573809382
32.749	-1.1423156	103.48809090881558
26.2661	-1.1584995	104.41062345431534
21.5196	-1.1668327	105.42218245157
16.9601	-1.1585058	106.8307756531534
13.1069	-1.1342384	108.65374897561269
9.69072	-1.0935051	111.28404236558225
6.94541	-1.0377555	114.94160205086237
4.44872	-0.9709674	121.82576780545277
2.35311	-0.90132666	138.30363338794177
-0.499172	-0.80409145	-61.08504687890032
-2.00079	-0.7225406	63.887235844184445
-3.49496	-0.6778437	80.60510576321252
-4.62425	-0.6401321	86.15705903067256
-5.68504	-0.6086335	89.29412073566104
-6.33387	-0.5823495	90.80579003918366
-7.01478	-0.55067444	92.14979749929645
-7.35995	-0.53366333	92.74909112018231
91.5884	-0.47016966	100.51335000739296
64.4811	-0.5633261	100.8736264691924
79.6645	-0.67800957	100.85108053843284
85.2979	-0.8260313	100.96841138136948
97.6736	-1.0484197	101.07338743101421
100.531	-1.0957435	101.0899536374502
79.0584	-1.1707985	101.48092955425236
67.4949	-1.1766815	101.74336350807737
58.5395	-1.1695145	101.99781972619311
50.0485	-1.1455622	102.28890219859673
42.0766	-1.1037421	102.62316992150953
34.2965	-1.011515	102.94932875611943
25.7346	-0.9376313	103.64346679027258
11.1715	-0.8630049	107.72505633563189
14.4166	-0.7636956	105.2973357436157
10.9727	-0.70843875	106.4563768772201
7.91366	-0.6414863	108.10606171986416
5.20403	-0.60616326	111.64795400105666
1.91496	-0.5769378	130.12792886686123
-0.0523412	-0.55278337	-956.1151508223991
-1.6501	-0.5327175	67.71604940947297
-2.97403	-0.5160404	82.64844934089231
-4.29613	-0.50204825	88.31394224718018
-5.42896	-0.48506504	91.0652317003055
-6.34371	-0.47580665	92.49955125346858
-6.81125	-0.46784046	93.13135390525508
-6.64384	-0.46097326	93.06164395654619
19.0641	-1.0971636	105.75513210050666
69.0923	-1.16697	101.6890004997755
81.7229	-1.1904181	101.45664730818523
86.196	-1.186435	101.37643498135314
90.8456	-1.1441171	101.25941081254764
94.6959	-1.0916173	101.1527571626157
95.5773	-1.0239799	101.07136231723021
92.4133	-0.9481822	101.0260223981317
85.6781	-0.87110573	101.01672306322351
76.6354	-0.80069673	101.04481393523287
69.4484	-0.7396451	101.0650308516962
60.7331	-0.6875727	101.13212147767784
47.074	-0.643934	101.36791503713037
40.1889	-0.6074824	101.51156889153101
33.611	-0.577259	101.71747065744084
24.7384	-0.55200297	102.23136448398101
20.329	-0.5310277	102.61216404079806
15.8838	-0.51343346	103.23242874625849
10.4688	-0.4987654	104.7642997405927
7.68822	-0.48638412	106.32635890049261
5.06441	-0.475915	109.39724341902212
2.98895	-0.46695614	115.62274833656588
0.986607	-0.45934555	146.5581039357212
-0.68711	-0.45276052	34.10654580629614
-2.95275	-0.44707733	84.85895252791522
-4.26513	-0.44215804	89.63318868782217
-5.24763	-0.48665226	90.72624473901956
-5.97853	-0.51805204	91.33479120802343
-6.82135	-0.60104287	91.1888007668149
-7.34528	-0.7473439	89.82552061068662
8.15395	-0.9140123	111.2094381824825
67.7991	-0.8230439	101.21394500731667
80.987	-0.7459627	100.92109110695604
84.8314	-0.683676	100.80592526985964
88.696	-0.6161961	100.69472770434668
92.0308	-0.58028394	100.63053251683024
58.0714	-0.55060494	100.9481530958048
78.7082	-0.52584225	100.66808892717944
66.4912	-0.5053543	100.76003412454311
50.2746	-0.4628088	100.92056527015896
36.5304	-0.44516957	101.21863260313954
30.2721	-0.438439	101.44832505518295
25.3434	-0.43274745	101.70753294137835
20.2541	-0.42581025	102.10233900010378
16.4518	-0.46888193	102.85003236341254
12.9023	-0.5082166	103.93896330575365
6.9539	-0.8091024	111.63523420659881
4.5998	-0.930064	120.21966561896153
2.32697	-1.0298972	144.25915110829692
0.497848	-1.0810269	317.13995690034733
-1.28463	-1.1134083	13.328477596627474
-2.72457	-1.1434999	58.030080484437995
-3.91954	-1.167258	70.21951439383903
-6.95869	-1.2028631	82.7142294365184
-7.4497	-1.1936466	83.97725478333342
8.55425	-0.6607497	107.72422425920989
57.1273	-0.5430049	100.95051416709832
75.5567	-0.5222685	100.69122948879614
83.2651	-0.49547392	100.59505816667695
80.1608	-0.46611	100.58146905500381
73.536	-0.45365775	100.6169210161196
85.6373	-0.4656568	100.54375850583163
58.8014	-0.48504996	100.8248956789461
66.0492	-0.65381235	100.98988114056726
51.7118	-0.9659372	101.86792680816333
35.0333	-1.0889997	103.10847322052635
29.6868	-1.1161282	103.75968080559053
24.1706	-1.1433853	104.73047790008425
18.084	-1.1638759	106.43594118227773
14.0534	-1.1742861	108.35588459274523
10.548	-1.1823783	111.20950636415748
7.68469	-1.1881976	115.4618808692971
5.04034	-1.1911719	123.6327734942588
1.92369	-1.1821237	161.45083488147577
-0.820498	-1.1655642	-42.05570203910133
-2.42215	-1.1419194	52.855131878558154
-3.784	-1.0965775	71.02067474727568
-5.01796	-1.0620537	78.83495154856902
-7.15717	-0.98927	86.17792006528057
-7.87126	-0.9532969	87.88888795327186
66.2514	-0.8392334	101.26674055218832
14.3531	-0.7834837	105.45863621733922
80.1921	-0.7336462	100.91485641768067
84.9797	-0.51109457	100.60142969507721
86.4077	-0.52939034	100.61266348980145
87.9038	-0.5766732	100.65603012465058
85.25	-1.0154016	101.19108943995143
81.4135	-1.0076811	101.23773431430705
76.1703	-0.99539804	101.30680781274133
63.1283	-0.9024875	101.42960431042792
52.0897	-0.8528559	101.63728280669604
38.6345	-0.68737805	101.77918170201195
32.3942	-0.6390384	101.97269294608007
26.7504	-0.5994449	102.24088361611344
19.3309	-0.56763756	102.93643023124218
11.9675	-0.51570743	104.3092293920877
8.71444	-0.4986646	105.72228205336695
6.08916	-0.49140137	108.07009831091786
3.57937	-0.4864801	113.59122507837559
1.56374	-0.48322144	130.90165412855185
-0.402504	-0.48113528	-19.535528198899538
-1.98452	-0.47975105	75.82533206466371
-4.0148	-0.47884262	88.07306150401098
-5.21909	-0.47822762	90.83695401419341
-6.26016	-0.47772953	92.36873621654009
-7.09326	-0.5436582	92.33556543837699
74.7375	-1.0044427	101.3439575401945
88.3452	-1.0073116	101.14019659777011
72.6348	-0.92240345	101.26991659689536
84.7239	-0.8195526	100.96731803196256
86.9898	-0.72522485	100.83369241006366
48.7426	-0.68582237	101.40702699572219
87.7776	-0.62316525	100.70994071716876
80.7389	-0.59930754	100.74227442401019
68.2488	-0.5534986	100.81099930948575
37.9778	-0.5144396	101.35457727931832
31.5255	-0.51039374	101.61898511783416
25.9931	-0.50616455	101.94730357715476
18.8492	-0.49946535	102.64979925441256
14.4387	-0.59899384	104.14853322381383
10.9352	-0.7545265	106.89997582499389
7.76596	-0.8885411	111.44147948235826
5.21256	-0.9683676	118.5775807615603
2.79205	-1.0113947	136.2240927233593
0.874838	-1.0434446	219.27289851993677
-1.82191	-1.0713117	41.198429212455515
-3.28572	-1.0787998	67.16701584733352
-4.64996	-1.0690947	77.00851946122475
-5.76159	-1.0434687	81.88922719903202
-6.67249	-0.9755765	85.37912558547971
63.6117	-0.56912154	100.89467584784195
18.9167	-0.5277469	102.78984278669088
77.187	-0.4782651	100.61961713360431
81.3354	-0.47859383	100.58841771072586
82.2845	-0.47883928	100.58192740900164
75.5826	-0.51039433	100.67527607150792
68.7425	-0.5403427	100.78604100212014
14.7369	-0.6604897	104.48187896531105
48.3996	-0.8368292	101.72900214499674
41.4532	-0.94205856	102.27258338035769
31.207	-1.0241332	103.2817372732598
22.9466	-1.0515995	104.58281185178461
24.6001	-1.0855737	104.4128813121451
11.5575	-1.0825188	109.36637324935883
8.7204	-1.0500171	112.04093131213226
4.8619	-0.97921854	120.14065514773577
1.80947	-0.9140439	150.51445967717763
0.14484	-0.8442445	682.8807429757549
-1.41583	-0.71429515	49.54937099025389
-2.73467	-0.61522955	77.50260090704154
-3.94142	-0.562242	85.73503915007421
-4.81924	-0.5353691	88.89100959870201
-5.6999	-0.51397467	90.98274262631617
-6.33503	-0.49700645	92.15463209911
-6.61433	-0.4835858	92.68881582812803
65.5819	-0.4550935	100.6939313637316
84.0163	-0.44182938	100.52588115127753
78.6762	-0.5162387	100.65615185516793
66.6908	-0.7764783	101.16430090408781
58.5913	-0.9494999	101.62054950473842
85.3064	-1.0934633	101.28180315670478
81.5916	-1.0825125	101.32674432369768
72.2361	-0.9863276	101.3654227392315
51.0219	-0.68221515	101.33710552119855
44.8937	-0.6227924	101.38725766687564
41.1359	-0.5736153	101.3944414671672
36.1676	-0.5338628	101.4760810406451
31.0481	-0.502263	101.61769036842402
25.8985	-0.47745448	101.84356287430663
21.3521	-0.45823023	102.14606977440117
13.4676	-0.44349313	103.29303583211265
7.906	-0.4322614	105.46751150356053
5.57132	-0.42378718	107.6065835865663
3.58132	-0.41745585	111.65648157979967
0.774109	-0.41294682	153.3447895705636
-2.23277	-0.4074803	81.75001249343828
-3.93787	-0.40541804	89.70463939846303
-5.02788	-0.40478826	91.94912212168381
-5.74213	-0.4731278	91.76041193414548
-6.54055	-0.5012751	92.33588849889709
113.414	-1.1000935	100.96997726263673
108.555	-1.1131966	101.0254684938793
102.985	-1.0789797	101.04770547729554
96.2287	-1.025879	101.06608415138547
76.9697	-0.863454	101.12181375899247
61.1756	-0.7731748	101.26386060674388
52.6913	-0.6922615	101.31380465003676
41.0674	-0.6244356	101.52051358529638
20.3589	-0.48944023	102.40406365904508
12.7089	-0.4239387	103.33576262425854
9.5049	-0.4113267	104.327519587904
3.68715	-0.39190227	110.62887180029678
0.89669	-0.38764274	143.2304069898608
-0.637442	-0.38471708	39.64673156356416
-2.0234	-0.38219327	81.11133171630382
-4.27981	-0.38151234	91.08576297110372
-5.24149	-0.49063706	90.63935421122667
-6.04912	-0.5647197	90.6644324843819
-7.05252	-0.7018871	90.04771130300686
-7.53569	-0.8297975	88.98843653935363
114.396	-0.94334006	100.82462363729019
55.35	-1.1151029	102.01464264866121
88.2944	-0.66073877	100.74833291914818
105.292	-0.60227036	100.57200170453478
117.387	-0.5550097	100.47280186874572
96.3745	-0.40357307	100.41875402450191
85.3941	-0.39423767	100.4616728201898
67.4532	-0.387096	100.57386837526832
46.0884	-0.37784532	100.81982830701192
39.2171	-0.37523913	100.9568283804906
26.8015	-0.37358174	101.3938806714203
17.3465	-0.37246868	102.14722820076437
12.162	-0.37250483	103.06286134765429
8.99619	-0.47960338	105.33118757612087
6.50423	-0.55794084	108.57812466666017
4.16901	-0.698918	116.76459971396703
2.31505	-0.82727814	135.73478662202962
0.727262	-0.94140613	229.44524872162546
-1.7325	-1.0380211	40.085361422276605
-3.17213	-1.0707878	66.24388438586209
-4.36502	-1.1005634	74.78674606269752
-5.4062	-1.1238924	79.21104803008532
-6.52074	-1.1394999	82.52498741680337
-7.16015	-1.1015043	84.61618376705847
47.113	-1.0450307	102.21814047977432
77.2009	-0.6094123	100.7893860938705
10.6019	-0.55927545	105.2752395497377
107.138	-0.4215679	100.39348300537387
91.0168	-0.37843558	100.4157839298279
73.4365	-0.35620016	100.4850464948773
64.3866	-0.3465875	100.53829236617342
55.8271	-0.34362012	100.6155080729489
39.3028	-0.34153754	100.86899020507924
27.1822	-0.34272966	101.26086032426092
21.9073	-0.43248063	101.97413574316315
17.5719	-0.46471232	102.6446323871649
13.7761	-0.61357534	104.45390912247647
7.85189	-0.92858386	111.82624325703529
5.43195	-1.0040581	118.4843075505031
3.22969	-1.039908	132.19838152139232
1.23583	-1.0681748	186.43379458049773
-0.45897	-1.0929465	-138.1302710214579
-2.06323	-1.1130781	46.05167155198852
-3.31818	-1.1286135	65.98697348136038
-4.30503	-1.1376741	73.57337514850522
-6.0165	-1.1318252	81.18798352924486
-7.18367	-1.0672276	85.14370291149538
61.046	-0.9374372	101.53562713825288
44.4478	-0.8255161	101.85727022026956
65.9827	-0.59905237	100.9078932215172
80.8215	-0.5689878	100.70400198764594
87.8526	-0.55121267	100.62743291021046
101.015	-0.5348977	100.52952220345284
101.557	-0.51976705	100.51179905402027
96.7598	-0.5057217	100.52265716359888
89.5812	-0.4192141	100.46796910843483
69.7598	-0.438196	100.62814722979252
-6.73278	-0.79379857	88.20994523736154
36.6313	-0.94287443	102.57395959209704
31.2951	-0.9955289	103.18109637306267
25.5397	-1.0238061	104.00868309395602
20.8461	-1.0568465	105.0697570580528
11.9061	-1.0799481	109.07054703486762
9.13673	-1.0852994	111.87842333993977
5.35043	-1.0861813	120.3008199603143
3.26899	-1.0834379	133.14289448476123
0.517183	-1.0775372	308.3473562131874
-0.883722	-1.0729265	-21.409958388401225
-2.37173	-1.0660336	55.05249072730667
-4.28997	-1.0574757	75.35004705604344
-5.76759	-1.0473826	81.84019975010568
78.7798	-1.021539	101.29670013808096
39.6628	-0.92944247	102.34336295782633
25.8014	-0.88786805	103.4411656254685
79.8003	-0.81630397	101.02293733451184
85.6665	-0.79640615	100.92966286885338
92.63372291337215