33.0829	9.923844	70.00310407029866
24.2389	9.914328	59.097451055872426
68.9734	9.831903	85.74537129163814
69.7792	9.810023	85.9413341141398
70.7238	9.766697	86.19036754402147
72.4261	9.742453	86.54842066298298
67.7293	9.64398	85.76099010804384
72.5001	9.586285	86.77755651979278
72.7445	9.568678	86.8461809292246
73.6717	9.550806	87.0359931969781
71.3726	9.515634	86.6676664939595
69.4482	9.498671	86.32265058530895
67.7591	9.46656	86.02909409534911
67.8086	9.438431	86.08077648833363
64.8128	9.4163685	85.47143938601151
62.2282	9.365715	84.94940368419817
56.2765	9.363388	83.36181542075413
53.2527	9.361607	82.42040975149062
46.5535	9.360128	79.89382910343492
39.6262	9.358898	76.38204577286119
33.1674	9.357865	71.78595766239756
29.7963	9.357117	68.59638136166136
24.134	9.355978	61.23320746497695
21.0374	9.355995	55.52684508020921
4.87494	9.35689	-91.93856501057859
3.4254	9.357628	-173.18351304978734
1.90364	9.358351	-391.60297303068654
-2.55405	9.3594265	466.45434074818655
0.660693	9.35955	-1316.626245682181
-1.47795	9.359112	733.249572126602
-3.39048	9.357788	376.0018631988965
-4.09471	9.3568535	328.51076872411346
-4.69568	9.3557625	299.24191334803413
-5.32395	9.354502	275.7060462876749
-5.88128	9.353099	259.03168963554054
-6.29001	9.920345	257.7158990522933
31.412	9.926094	68.40031246707817
-5.59569	9.927338	277.41043639324783
-5.43226	9.915527	282.5304340002326
-5.36616	9.901085	284.5096787683075
-5.12033	9.886179	293.0769939961502
-5.14591	9.86743	291.75287986059726
-4.8792	9.842766	301.72909175773015
-4.65455	9.772024	309.94563326049126
-4.53217	9.726141	314.60229620262675
-4.34814	9.7027855	323.1479672015011
57.3438	9.63348	83.20048524736646
85.6761	9.613924	88.77875868519817
83.4222	9.540152	88.56401155445037
83.3287	9.522516	88.57234702724092
83.2449	9.487957	88.60235232528854
71.6007	9.397154	86.87560916017064
70.3097	9.389326	86.6457572691968
83.2864	9.382576	88.73456409852412
82.3876	9.376766	88.61871253486991
79.1282	9.371653	88.15637018824005
74.1727	9.367517	87.37066913640083
64.7233	9.364002	85.53225400345993
69.317	9.358711	86.49867844629222
67.4481	9.354219	86.13123584860094
66.0451	9.3534775	85.83774140220082
62.9513	9.3524475	85.14336117631075
60.5397	9.352224	84.55191797868686
57.9318	9.352081	83.8567398857694
52.0746	9.351921	82.04130028443245
45.7206	9.351746	79.54588177046688
39.2205	9.351631	76.15626792371754
36.0233	9.351389	74.0407211807069
23.6795	9.355169	60.49253967699079
21.3336	9.355513	56.1465808966513
18.901	9.355591	50.50213596618298
16.2176	9.355518	42.31255909157252
13.9228	9.354517	32.81152541174759
12.1571	9.353743	23.059423612663142
10.1435	9.352734	7.795797214257569
6.58215	9.351477	-42.07328447759449
4.77295	9.350124	-95.89821853056695
3.31465	9.92639	-199.47021610987832
2.14094	9.92734	-363.6907162145774
1.03165	9.923822	-861.9370201916847
-1.17258	9.878305	942.441894392554
-2.09729	9.855873	569.9337203888016
-2.95269	9.799877	431.8966021905322
-3.806	9.776941	356.8823193830484
-4.54386	9.755989	314.7070703466673
-5.11168	9.734674	290.43982399204475
-5.61576	9.712843	272.9568785258037
-6.20328	9.691259	256.22797860071717
-6.73678	9.649719	243.2393368880579
-6.09699	9.628576	257.9234439320477
74.191	9.59133	87.07210950475626
-5.62554	9.572752	270.1659284946818
-5.29572	9.538464	280.11646030544046
-4.82282	9.503862	297.0602778058187
-4.62013	9.486883	305.3380210679716
-4.6571	9.454569	303.01408456761055
92.2768	9.439539	89.77041159066566
78.3779	9.361904	88.05542371238106
93.3099	9.354881	89.97439558997458
92.6379	9.352394	89.90435451133996
91.0247	9.351749	89.72613630163102
91.0686	9.3512745	89.73161745979405
88.7565	9.3509655	89.46447034132142
85.0313	9.350904	89.00298361010812
80.9553	9.350865	88.44934390088449
74.7463	9.350969	87.48972532513802
73.301	9.350967	87.24305659132682
68.7992	9.350935	86.40836430870175
60.4102	9.350217	84.52212343501469
57.6254	9.3503	83.77399593397472
54.3807	9.351038	82.80449457875214
44.0884	9.351782	78.78856258830838
40.3756	9.351515	76.8386969622044
33.7318	9.350341	72.28033554426197
31.1728	9.349434	70.00771865310574
27.8164	9.348295	66.39286523647293
25.2549	9.346937	62.98960919476338
22.5952	9.9229355	56.083877690355
15.3362	9.92552	35.28044692765222
12.8182	9.920857	22.603350366721408
9.36905	9.907667	-5.74889804839314
7.52091	9.889273	-31.490377772287207
2.79935	9.843395	-251.63146408092783
1.61728	9.813732	-506.80476530523794
0.555788	9.765976	-1657.140534555194
-0.437836	9.72756	2321.7359780300476
-1.40743	9.708695	789.8172335480675
-5.90256	9.690584	264.1759473593306
-3.24044	9.673078	398.5112339503171
-3.99812	9.654784	341.4831038876864
-4.68847	9.635099	305.50626630191465
-5.37144	9.617453	279.04794133474707
-6.28593	9.581926	252.43450983045693
-7.07126	9.5654125	235.27169176965896
-7.2546	9.548533	231.62039119366315
-6.4908	9.514303	246.58138137026256
-5.82381	9.480814	262.79401788934547
-5.48093	9.464844	272.6868338625357
-5.09723	9.435463	285.10961895348277
-5.13689	9.423334	283.4443548260584
-5.03688	9.403334	286.6896592790963
89.1238	9.381859	89.47322870471471
86.0326	9.376608	89.10109684196244
70.7379	9.357489	86.77160253751231
97.975	9.357187	90.44941514723155
100.064	9.357252	90.64873106346958
702.932	9.357361	98.66880996329027
100.042	9.357573	90.6463540512808
98.8534	9.357704	90.53375599573756
93.2178	9.357914	89.96123256019708
82.8477	9.35741	88.7052912907194
80.2279	9.356947	88.33703845256647
78.9655	9.356306	88.15139776502136
72.2598	9.354801	87.05393498230485
65.7502	9.352978	85.77498169531017
58.3692	9.351977	83.97788896196988
53.7136	9.9188	81.53391259438985
50.6028	9.92161	80.39316347561518
46.1161	9.923458	78.48157577856142
7.40207	9.917532	-33.983222345091555
35.4912	9.903109	72.09700224800498
2.72336	9.861366	-262.10291877505995
25.5969	9.83511	61.57695131231041
23.1068	9.80664	57.55950786066882
20.28	9.763412	51.8569420857308
17.5956	9.746931	44.60586166400113
12.8986	9.71541	24.67856577244694
11.1175	9.700029	12.749906841441044
-4.24257	9.68432	328.2654293194553
4.193	9.647093	-130.07615520714612
-6.13231	9.61236	256.74941638610227
-0.82654	9.524664	1252.3536674012623
-1.83284	9.48955	617.7511301481056
-2.69997	9.472755	450.8467000073734
-3.48276	9.441568	371.09442012783074
-5.5821	9.417088	268.7015227080449
-6.613	9.39856	242.12246689720405
-7.0562	9.38479	233.0006290071499
-7.30467	9.379364	228.4023052936278
-7.54472	9.37487	224.25735625228117
-7.09484	9.371111	232.0834563818246
-6.73501	9.365686	239.05972243658817
-6.06398	9.363825	254.41714329569788
-5.71722	9.360971	263.7329367544076
65.7496	9.361103	85.76249499299833
79.3801	9.361486	88.2067561483926
105.481	9.36286	91.12365128877533
102.458	9.363039	90.86158514450598
104.997	9.362457	91.08311939536847
105.585	9.360655	91.13448234176494
105.079	9.359474	91.09291678631575
96.7894	9.358088	90.33149724350051
93.3865	9.357252	89.98007819217662
89.1111	9.356484	89.50020419572995
84.6951	9.355484	88.95392515878527
9.49488	9.919088	-4.467762135445967
9.49488	9.922613	-4.50488509409756
70.9208	9.774326	86.21796930225283
13.7203	9.636733	29.762955247029964
67.2119	9.562954	85.77193306663936
72.1669	9.527025	86.79862481049913
50.7587	9.492542	81.29868964501891
70.1379	9.460788	86.51116079805377
70.2926	9.432814	86.58064261240594
66.7336	9.409027	85.9006144572721
62.7877	9.389465	85.04569328965987
57.0405	9.373886	83.56626256242549
43.9958	9.355093	78.73639963115292
37.3725	9.352575	74.9747141388614
31.1915	9.351755	70.01825744470743
25.4128	9.352533	63.197548475167345
19.5772	9.35391	52.22038658854447
14.8252	9.355577	36.894089672737486
10.2679	9.357264	8.868774145107393
5.10814	9.358725	-83.21198340711909
2.09505	9.359722	-346.75410824081223
-1.46887	9.360079	737.2298877393882
-3.47511	9.3597555	369.3369525156583
-4.80737	9.358742	294.6748720911156
-6.09341	9.357042	253.56003889877982
-6.74082	9.922613	247.20187225657452
10.2033	9.927427	2.703764187392092
-5.23097	9.914457	289.5338336186989
-5.06874	9.890234	295.1221448744948
-4.50483	9.855425	318.7746187725547
-4.37923	9.815258	324.13206094876136
-4.08745	9.774326	339.1301730610485
16.1835	9.679107	40.191512720076986
67.2119	9.562954	85.77193306663936
72.1669	9.527025	86.79862481049913
50.7587	9.492542	81.29868964501891
70.1379	9.460788	86.51116079805377
70.6232	9.432814	86.6434604726251
68.3261	9.409027	86.22923501047775
62.7877	9.389465	85.04569328965987
57.0405	9.373886	83.56626256242549
43.9958	9.357167	78.73168282793162
37.3725	9.352575	74.9747141388614
31.1915	9.351707	70.01841031877974
25.4128	9.353167	63.19505666100204
19.5772	9.354726	52.216221582602884
14.8252	9.35644	36.88827442857668
10.2679	9.358042	8.8611952029011
5.10814	9.359722	-83.23151191136076
2.09505	9.360079	-346.771132854922
-0.372758	9.3597555	2610.9468876050023
-4.19441	9.358742	323.1241718833398
-5.55523	9.357042	268.4366277481807
-6.48907	9.919088	252.85838346229866
-5.99731	9.855425	264.33075982858287
-5.23097	9.815258	287.63744926112605
-5.06874	9.774326	292.83542921027237
-4.50483	9.727026	315.9243691830682
-4.37923	9.679107	321.02301514028176
-4.08745	9.636733	335.763935714449
64.8822	9.580953	85.23331302973575
72.1669	9.54491	86.77383904954615
53.6501	9.509503	82.27495888098252
70.1379	9.476242	86.4891280050342
70.6232	9.432814	86.6434604726251
69.5695	9.409027	86.47535689086082
47.3043	9.355093	80.22358384773305
37.3725	9.351965	74.97634729570152
31.1915	9.351755	70.01825744470743
22.2046	9.352533	57.880197790596746
17.4043	9.354726	46.250492883950294
12.3508	9.35644	24.244260101652785
8.48805	9.358042	-10.249600971465668
5.10814	9.359297	-83.22318522599576
0.798804	9.35998	-1071.7492032917896
-1.46887	9.360022	737.2259921967411
-4.19441	9.359354	323.1387689049335
-5.55523	9.357994	268.45376055714934
-6.48907	9.355999	244.18089312275814
-5.99731	9.924546	265.4832832973067
-5.39493	9.902834	283.5581582727505
-5.18697	9.874994	290.3807686526722
-4.66793	9.834568	310.6837127946784
-4.43373	9.795813	320.9384046772033
-4.29431	9.750882	327.06517262557185
13.7203	9.703098	29.27925413732346
61.9654	9.617783	84.47878576628779
64.8822	9.580953	85.23331302973575
60.2396	9.54491	84.15509025453647
70.0992	9.509503	86.43422069685793
70.2926	9.446288	86.56147486180986
68.3261	9.420385	86.21260861452767
47.3043	9.359938	80.21334235659775
27.8962	9.351707	66.47676960253987
22.2046	9.352533	57.880197790596746
17.4043	9.355577	46.245599661408725
12.3508	9.357264	24.237588674387403
8.48805	9.358725	-10.257645584462482
5.10814	9.359722	-83.23151191136076
2.09505	9.360079	-346.771132854922
-0.372758	9.3597555	2610.9468876050023
-4.19441	9.357994	323.1063462370322
-6.09341	9.355999	253.5429167996668
-6.74082	9.922613	247.20187225657452
-5.23097	9.902834	289.3116304178097
-5.06874	9.874994	294.8214840415514
-4.50483	9.834568	318.31162998410235
-4.29431	9.795813	328.11142926336197
70.4779	9.703098	86.23242375059796
13.7203	9.580953	30.16950912633177
60.2396	9.54491	84.15509025453647
61.9654	9.509503	84.65352873683086
70.0992	9.409027	86.57755373778221
70.2926	9.373886	86.66447710029054
68.3261	9.363537	86.29581317424697
43.9958	9.353167	78.74076961060796
37.3725	9.355577	74.9666810486541
31.1915	9.357264	70.00059743187458
25.4128	9.359297	63.17093409857046
19.5772	9.35998	52.18938530455352
14.8252	9.360022	36.86411286102358
10.2679	9.359354	8.84841502584735
5.10814	9.357042	-83.17905005962169
2.09505	9.919088	-373.453528322824
-0.372758	9.890234	2753.2586491039146
-4.80737	9.855425	305.00657324009853
-6.09341	9.795813	260.76077367785587
-5.99731	9.750882	262.58758358629626
-5.39493	9.703098	279.85587398537103
-5.18697	9.655027	286.1400100111557
-4.66793	9.617783	306.03956806569255
-4.43373	9.562954	315.6864238112169
-4.08745	9.527025	333.0799192347554
40.8255	9.446288	76.86179238583613
67.2119	9.420385	85.9840483073121
72.1669	9.398731	86.97639617467274
70.0992	9.373886	86.62768411376439
70.2926	9.352575	86.69479166847563
68.3261	9.351707	86.31312628836423
62.7877	9.352049	85.10528834584015
57.0405	9.353167	83.60258345830972
27.8962	9.359297	66.44956396105115
22.2046	9.35998	57.84666289570897
14.8252	9.360022	36.86411286102358
5.10814	9.359354	-83.22430540788343
2.09505	9.357994	-346.67162535106155
-0.372758	9.355999	2609.9391230174288
-2.61475	9.922613	479.48612644997894
-4.19441	9.927427	336.6823493701624
-5.55523	9.914457	278.4706856436846
-5.99731	9.890234	264.9111719068469
-5.39493	9.855425	282.6793876747969
-5.18697	9.815258	289.2291088370742
-4.66793	9.774326	309.3931686436262
-4.43373	9.703098	318.8472916173292
-4.29431	9.636733	324.4070251895968
60.2396	9.54491	84.15509025453647
50.7587	9.492542	81.29868964501891
40.8255	9.446288	76.86179238583613
34.36	9.420385	72.5832794139133
16.1835	9.398731	41.923990092889476
67.2119	9.368084	86.06186684114303
72.1669	9.359938	87.03014887314384
69.5695	9.351707	86.55774879822745
66.7336	9.352049	85.98599321863068
27.8962	9.359297	66.44956396105115
22.2046	9.360079	57.84621622190411
17.4043	9.3597555	46.22159382943267
12.3508	9.358742	24.225620257418257
8.48805	9.357042	-10.237826174788767
5.10814	9.922613	-94.25100251611522
2.09505	9.924546	-373.7140413349892
-0.372758	9.902834	2756.6388435012304
-2.61475	9.874994	477.6649631405183
-4.19441	9.815258	334.00809316173877
-5.55523	9.750882	275.5261600654137
-6.48907	9.679107	249.16015397948615
-5.99731	9.636733	260.68424541381034
-5.23097	9.598663	283.4968271596194
-5.06874	9.562954	288.665312375881
-4.50483	9.509503	311.09573695716443
-4.37923	9.460788	316.03768808299645
13.7203	9.357167	31.800562419227045
61.9654	9.351707	84.90817883288564
70.0992	9.35391	86.65617767093359
70.6232	9.355577	86.75282961877225
69.5695	9.357264	86.54976512877944
66.7336	9.358725	85.9759896813799
62.7877	9.35998	85.09265120476002
43.9958	9.359354	78.72670590688563
37.3725	9.357994	74.96021476829026
31.1915	9.355999	70.00465165227214
25.4128	9.922613	60.95427025646021
17.4043	9.927427	42.9599185346941
10.2679	9.902834	3.5554155350110905
5.10814	9.874994	-93.31878714919871
2.09505	9.834568	-369.41924102312925
-0.372758	9.774326	2722.164033098696
-3.47511	9.727026	379.9055521846409
-4.80737	9.679107	301.3389095939946
-6.09341	9.636733	258.15007613778033
-6.74082	9.598663	242.39607982839345
-5.39493	9.562954	277.25816926798933
-5.18697	9.492542	283.0074467737925
-4.66793	9.460788	302.67628350334275
-4.43373	9.432814	312.75119092865873
-4.29431	9.409027	319.1044991900239
6.70626	9.353592	-39.47552934087891
61.9654	9.352533	84.90684909951811
70.1379	9.357264	86.65876582638202
70.6232	9.358725	86.74836799714456
69.5695	9.35998	86.54586102668674
66.7336	9.360022	85.97404613699976
62.7877	9.359354	85.0936475947298
43.9958	9.919088	77.45446962625837
37.3725	9.924546	73.44425734591395
31.1915	9.874994	68.34075190439818
25.4128	9.815258	61.37671531758697
19.5772	9.774326	50.0729095250617
14.8252	9.727026	34.38856856800063
10.2679	9.679107	5.7343149797235435
2.09505	9.580953	-357.3137844636057
-1.46887	9.54491	749.8131397465057
-3.47511	9.509503	373.6461066484226
-4.80737	9.476242	297.11904220145124
-6.09341	9.446288	255.02465136221244
-6.74082	9.420385	239.751327837027
-5.18697	9.381201	280.86088584478665
-4.66793	9.363537	300.59291931167303
-4.37923	9.357167	313.67150661629887
-4.08745	9.353592	328.8368507527528
13.7203	9.351965	31.83847918126485
70.1379	9.359297	86.65586147894375
70.6232	9.360079	86.74645587358984
69.5695	9.3597555	86.54617905747519
47.3043	9.910025	79.05047345526461
58.3614	9.88504	83.06236625430884
74.6294	9.808105	86.85758536878343
27.8962	9.693798	65.25047138098475
22.2046	9.644625	56.56474343529092
17.4043	9.587128	44.91518012428895
10.2679	9.550766	6.9842367290028475
61.9148	9.514301	84.633235520107
3.62427	9.463076	-161.10294586840985
0.798804	9.433147	-1080.9088722802253
-2.61475	9.40748	459.78508726498706
-4.80737	9.386259	295.2472706720813
-6.09341	9.369329	253.76168526529904
-5.23097	9.352018	278.7817364939496
-5.06874	9.345991	284.3849030632221
-4.50483	9.342746	307.3939859936894
-4.37923	9.341558	313.3151007234282
-4.08745	9.341797	328.5482834585705
13.8752	9.342987	32.66412824565911
75.7711	9.349445	87.66094042473068
75.3933	9.351212	87.59676100397583
51.5311	9.928246	80.73348849904087
44.3803	9.899765	77.69333392584805
37.5083	9.866215	73.6959165126209
31.0617	9.817684	68.3929600951829
24.9685	9.754955	60.93095204719997
19.3507	9.7083435	49.82949807497827
12.5902	9.661352	23.262920111845506
8.61804	9.597511	-11.365359142250409
2.15771	9.521389	-341.27286219852795
-0.142248	9.484615	6767.661522996506
-2.21038	9.450272	527.540592682175
-4.53735	9.4195	307.59913837540864
-5.6679	9.393316	265.7283319625846
-6.51888	9.374243	243.80143429759255
-5.48655	9.35532	270.51370621692143
-5.15275	9.344589	281.3514959143447
-4.45121	9.339731	309.8245459173267
84.729	9.344742	88.9710226346188
83.8401	9.346613	88.85186125511757
81.5799	9.347307	88.54214703089666
75.3507	9.3464985	87.59600569723665
72.5785	9.34433	87.12520927920913
71.8661	9.924421	86.19039616511598
15.8369	9.927654	37.313145764354296
56.8895	9.858467	82.67084934790499
50.1791	9.810955	80.44812473629995
42.9908	9.751794	77.31655808720312
36.4796	9.686443	73.44695776640327
29.8511	9.640276	67.7054592374695
24.3499	9.601875	60.56708411794748
14.3055	9.526144	33.40922017833653
8.40834	9.471356	-12.64239886108132
5.27175	9.438151	-79.03260601062208
2.302	9.408981	-308.7307183379719
0.00159666	9.374256	-587016.6259417924
-3.05385	9.359159	406.4708451823067
-4.58405	9.3488245	303.9424556220712
-6.22541	9.339952	250.02952365917818
-6.91523	9.337202	235.02374246050002
-5.63577	9.336378	265.66287048401284
-5.4108	9.337193	272.5658418280344
-4.83006	9.338665	293.3446996210031
11.653	9.924088	14.83662895071436
4.24018	9.876955	-132.93716295285518
71.8618	9.75744	86.42193974564368
86.4777	9.671062	88.81670218411344
92.2798	9.607841	89.58835904663118
78.3706	9.510866	87.86424434670266
75.1112	9.473568	87.38728132879972
63.9743	9.439226	85.24528130651485
53.1251	9.409088	82.2888083417813
46.0379	9.383701	79.61744231436413
39.0419	9.363649	76.01641002090946
29.2539	9.350292	68.0374512900401
23.4654	9.341564	60.19005045100933
17.8931	9.334805	47.830145980157205
7.63411	9.334072	-22.267980746150084
0.574703	9.338163	-1524.8677130147162
-1.61153	9.340681	679.6157530280927
-4.29764	9.344254	317.4275619440964
-7.05584	9.347789	232.48301077050616
-7.2783	9.347799	228.4338247977997
-6.07994	9.346075	253.71986073080095
-5.43443	9.921833	282.57356916741554
-5.05988	9.926891	296.1882748611226
5.19434	9.910012	-90.78481208806754
68.0974	9.646513	85.83423840158859
76.9194	9.564696	87.56529967327846
84.37	9.399454	88.85924866245966
-4.81877	9.373543	294.5214741829185
71.6485	9.344945	86.95723680007224
56.2465	9.326933	83.41775020987228
48.2765	9.323267	80.68776991946913
41.1108	9.322121	77.32440068850649
34.6128	9.322685	73.06578756820107
27.9765	9.325819	66.66552584129678
21.9443	9.330353	57.4816562311796
16.687	9.333597	44.06665650145609
10.5545	9.336651	11.538669012337815
2.17235	9.342716	-330.0741832076752
-0.159036	9.343252	5974.929027029179
-2.23069	9.342497	518.8164586618145
-3.91989	9.928379	353.2820759542637
-5.92653	9.924404	267.457253029528
42.968	9.896828	76.96697998002983
-6.72137	9.862083	246.72728311081332
-5.85239	9.818729	267.77299858856804
-5.38853	9.782436	281.5418448952026
4.37076	9.513998	-117.67377092318387
-6.02102	9.318911	254.7729570474176
78.3518	9.312164	88.11493236383012
87.6137	9.308243	89.37581370747746
83.4579	9.312831	88.841286502214
65.9034	9.320148	85.8578632544926
50.6294	9.327526	81.5768577204988
35.3998	9.334961	73.62990437879081
77.5702	9.335257	87.9654058936701
20.7355	9.9244	52.13811979976036
15.6086	9.930271	36.37948718512711
11.1545	9.882874	11.400120772812626
7.35415	9.779963	-32.985630985873485
0.431368	9.687321	-2145.7208178795145
-1.83805	9.63334	624.1065107968703
-4.26128	9.588842	325.02258141618825
-5.5926	9.501152	269.88792800326587
-6.9214	9.458887	236.66147028486222
-5.65537	9.331362	265.00002403000764
-5.10539	9.313131	282.41763465931257
18.2814	9.296724	49.146542532963146
51.4135	9.300592	81.91021032382207
71.3554	9.304979	86.95967312095604
82.9616	9.318077	88.76820487287821
86.4971	9.321527	89.2233086608967
78.028	9.327055	88.04652573517549
68.6388	9.927654	85.53638169869257
74.2971	9.902363	86.67193317416063
49.1804	9.869022	79.93301762665867
41.8373	9.824633	76.51704410809603
35.3461	9.784962	72.31671459937266
82.8561	9.738455	88.24654250898817
20.1345	9.68415	51.9027067971028
15.4985	9.624773	37.898679833158525
11.2896	9.576253	15.176333780593417
5.74646	9.484043	-65.04148964418481
0.380684	9.399794	-2369.1854667837306
-1.82435	9.348759	612.4432843516792
-3.48192	9.32209	367.7284480093474
-4.94905	9.293121	287.7758647102634
-6.14673	9.2788925	250.956574881889
-5.92083	9.27495	256.64949649187236
-5.3305	9.274137	273.98249322002073
-5.04707	9.276951	283.80863175710306
66.3573	9.304001	85.97893392004032
13.2783	9.312641	29.865713655527383
84.2616	9.315758	88.94424255111399
79.8851	9.319195	88.33424699399276
81.4363	9.925262	87.8122382956223
59.6153	9.932085	83.33970126172007
31.7737	9.875637	68.91883276895916
25.7359	9.834675	61.78616446543043
17.396	9.777878	43.79237836814899
13.4769	9.73102	27.794820017671093
9.4931	9.678976	-1.9580104431911758
4.49312	9.605358	-113.77923826107775
1.79462	9.557901	-432.5863517050604
-2.50241	9.437981	477.15565782648946
-4.25522	9.353664	319.8162495687116
-6.75614	9.319588	237.94247766530805
-7.35547	9.291822	226.32534266711846
-6.28158	9.271616	247.60006279307103
-5.27663	9.259396	275.4793534549171
-4.88102	9.253103	289.5731352944895
48.0308	9.251816	80.73774365248282
71.9388	9.254242	87.1359512117832
-7.81471	9.263836	218.5435699800502
75.1223	9.270282	87.65975079292699
85.2071	9.277039	89.11236436456335
84.2065	9.28376	88.97500741588789
82.2956	9.290153	88.71123923657848
78.7805	9.295933	88.20021619385318
56.5079	9.305056	83.53317414655719
42.2384	9.308157	77.9628130592945
35.4405	9.310905	73.7280628391497
29.7704	9.927691	66.65247760112705
18.7549	9.926807	47.07085926946378
13.9329	9.907066	28.894443796093075
9.96051	9.86582	0.9506573504991023
5.02478	9.816967	-95.37108904035946
2.30284	9.779761	-324.6826136260457
-0.255171	9.712797	3906.387461607046
-2.23263	9.653574	532.3857374084145
-6.1918	9.5813465	254.74250347281424
-6.57977	9.438277	243.44387597220566
-6.21905	9.409647	251.3036012915827
-5.61171	9.385124	267.2417785313456
-4.98623	9.36667	287.85073791594857
7.20093	9.343475	-29.75372886501921
-2.99724	9.330788	411.312656029558
72.7566	9.331352	87.17456243492664
82.565	9.338129	88.6899692846767
83.6335	9.339357	88.83299686827507
83.4474	9.340527	88.8066853313034
81.3999	9.3416195	88.52379286712616
68.7682	9.34338	86.41322665585041
62.1802	9.3440275	84.97266224159925
44.6832	9.344503	79.08721550718735
38.1506	9.344798	75.5054994270045
31.4434	9.344906	70.2802304366707
8.42261	9.912521	-17.689422036206427
8.42261	9.918728	-17.76311074128369
10.8737	9.615385	11.572096617923625
51.915	9.466468	81.76544612521847
70.8934	9.434431	86.69208599956522
76.2716	9.406603	87.6669676548261
76.571	9.383398	87.74549102389582
80.1642	9.364821	88.31794939928328
65.5501	9.34486	85.74394278812674
51.0151	9.332005	81.70736741008317
43.6281	9.33165	78.61091935756758
58.1894	9.333933	83.95939636037808
36.5249	9.341839	74.42336813272948
29.823	9.343912	68.66877195796503
21.1702	9.344345	55.86085658513767
16.5143	9.3439665	43.41893493707561
5.34162	9.340744	-74.86725139166997
2.74416	9.923452	-261.6207817293045
-0.708853	9.9282055	1500.6014170180063
-3.34927	9.89546	395.4512350175546
-4.75478	9.856975	307.3066468662275
-6.16769	9.806486	258.99772725568346
-5.61953	9.715725	272.8921123437411
-5.50259	9.66947	275.7257858216907
-5.08434	9.621878	289.24535907356477
-4.74717	9.579269	301.78904462913454
87.9505	9.501091	89.19722917928827
86.0519	9.463575	89.00247761436192
83.9507	9.413862	88.78643743957652
81.5741	9.343655	88.54580212643377
81.2711	9.336151	88.51233613264884
76.0608	9.331387	87.73167923858519
57.5299	9.327866	83.78605617965458
66.309	9.328173	85.93227006508728
62.7988	9.328968	85.14467181405499
47.8838	9.331262	80.51269827701378
41.0091	9.332061	77.2439255127071
34.4822	9.333115	72.93352960217503
22.9758	9.336729	59.36276765873569
18.0262	9.33671	48.20477794754373
13.7026	9.335577	31.87002952419218
9.62488	9.333821	3.0240225880457983
6.67925	9.923489	-48.5719050541992
3.6911	9.922216	-168.81462149087352
1.3022	9.890007	-659.484485261101
-2.6728	9.767614	465.4450063761447
-4.23634	9.708843	329.1799678284569
-5.32853	9.670099	281.47780122252544
-6.40838	9.627361	250.23081850628606
-5.95615	9.549093	260.32324838010743
-5.78125	9.510647	264.50848553631755
-5.36972	9.472422	276.4043964014589
-4.98806	9.43634	289.17856514656734
78.6485	9.377897	88.07618791892142
101.926	9.328667	90.84760860037822
99.7592	9.325026	90.65246376505682
96.9726	9.323412	90.38552151770602
89.5733	9.32406	89.59058313442162
77.3898	9.32963	87.94462853359485
71.883	9.331538	87.01843449199833
64.9988	9.333544	85.64044019835383
57.5022	9.334051	83.76749228813833
49.8569	9.333767	81.27888602075933
42.4014	9.33378	77.98709037555803
18.1335	9.333658	48.528090781111025
28.8491	9.923077	65.60351417964559
18.7988	9.926678	47.19515096664615
14.0446	9.863762	29.768293651790643
9.73847	9.812803	-0.763294340140739
6.73763	9.771391	-45.0271248763432
-1.73098	9.705124	660.6721952592171
-3.48286	9.664282	377.481210177261
-4.86516	9.620467	297.7420518319158
-7.33618	9.518042	229.74110315282627
-7.74967	9.477085	222.29017594871254
-6.52101	9.438439	244.7389278485273
-6.04568	9.403761	255.54513037998345
-5.51548	9.362518	269.7498357367638
90.8307	9.344597	89.7120725938447
41.8028	9.332201	77.67565071137972
106.801	9.3176155	91.2757192297727
77.936	9.324783	88.03533196080714
104.92	9.337473	91.1003896575891
96.5817	9.3387165	90.33076215106583
81.1039	9.338604	88.48562384471025
73.2701	9.337238	87.25641445619841
64.7735	9.927988	84.67276529824763
56.1078	9.907007	82.3429020426054
47.3347	9.867781	79.15317457989309
36.1289	9.819463	72.82103192343259
29.5103	9.781227	66.85487027575677
18.4647	9.712648	47.39883115285367
13.868	9.639023	30.494499524538202
9.80218	9.594938	2.1142440343670583
6.49949	9.550169	-46.93721058297699
1.20589	9.441299	-682.9320527150809
-1.02552	9.40265	1016.8666178059524
-3.57041	9.369133	362.4105557219397
-5.01884	9.341436	286.127405757762
-6.23113	9.322072	249.60482878796586
-7.08071	9.304753	231.4098991031579
-7.64706	9.297025	221.57645357028636
-7.23492	9.295656	228.48319883432953
-6.46177	9.296429	243.86814444709938
-6.15781	9.298834	251.00877630428818
84.678	9.302349	89.01444870962612
102.901	9.313261	90.94929801355929
86.0527	9.317661	89.17214043426695
27.9656	9.321615	66.66756467795588
76.656	9.324966	87.83530754803083
94.9658	9.329281	90.17617153585296
105.417	9.927575	90.58256811049577
97.2997	9.931468	89.79291265468783
15.9689	9.925171	37.84687067864545
63.922	9.806444	84.65873104773361
39.1736	9.684029	75.2791961612305
32.5736	9.627974	70.44240326765254
23.1873	9.580357	58.68274137083348
11.885	9.48522	20.1916720843284
8.10313	9.439238	-16.488779001095477
-6.51385	9.396657	244.25657152202103
2.34153	9.342572	-298.9943375933158
-2.73598	9.293748	439.68624722583667
-4.30563	9.276312	315.4460776110821
-5.57534	9.270791	266.2820728280536
-7.16765	9.270159	229.33330281994287
-6.84028	9.273359	235.569884560638
-5.99169	9.277736	254.8433904461308
-5.56405	9.282833	266.835906336795
86.0549	9.293861	89.20007894045315
99.2914	9.306101	90.62748716375698
96.0577	9.312578	90.30522676864852
61.1565	9.933741	83.75685590086209
79.3716	9.928368	87.49128409440227
93.8781	9.861895	89.49500154005067
100.988	9.780012	90.31566707077044
91.2837	9.620939	89.46039515954259
84.2787	9.5357	88.68551871900964
4.96506	9.411528	-89.55515522421831
57.9662	9.3670025	83.84057587605587
38.535	9.296076	75.87627907685811
31.5063	9.270903	70.5744481524363
22.7814	9.254425	59.37727807609083
17.346	9.244814	46.70348460024411
13.4642	9.2399435	31.373988126137846
8.0868	9.238718	-14.24442876240739
2.44172	9.243584	-278.56853552805126
0.0495969	9.248436	-18547.20660114653
-1.88066	9.254324	592.0785085306146
-3.54355	9.260771	361.34162737037605
-5.53821	9.267504	267.33753108622795
-6.57496	9.274162	241.05275838003766
-7.59991	9.286171	222.18792300193135
-6.32733	9.291119	246.84105270083222
88.2908	9.890322	88.79801791357613
57.5607	9.755785	83.05131248909815
79.276	9.707154	87.75524345232505
84.7343	9.649439	88.61212390019568
90.7587	9.598478	89.42417587738456
95.8974	9.544584	90.04708554000393
93.7618	9.48897	89.87970834075495
76.2472	9.377848	87.70073423986877
63.8614	9.328007	85.39335708875093
6.72853	9.266756	-37.72333858937335
47.7764	9.236917	80.66636394841163
34.3255	9.207071	73.17716807227737
28.1163	9.205097	67.2606388192854
22.7224	9.207642	59.4776901560822
18.0824	9.212618	49.052016347437366
13.9038	9.219048	33.6940437915931
10.049	9.226509	8.184801568547064
3.96432	9.25112	-133.3595548547914
1.43395	9.258991	-545.6983563840382
-0.601858	9.266291	1639.6140748474227
-2.49404	9.272765	471.79698763818544
-4.06388	9.278273	328.31069580622005
-5.47393	9.284494	269.61296686148364
-6.58605	9.931469	250.79552862492676
-7.53944	9.883177	231.0863485930868
-6.64956	9.846138	248.0720090399966
13.5304	9.603585	29.02216455392587
91.9272	9.558739	89.60183854670422
92.7019	9.511959	89.73920102697615
89.5761	9.465452	89.43305886021358
78.439	9.362717	88.0636975001938
71.5546	9.3304825	86.96033236643687
73.3035	9.306339	87.30437209019617
81.5186	9.288467	88.60570795576447
86.9571	9.270979	89.33844292867269
84.759	9.260019	89.07488632284421
64.1719	9.271238	85.55249176122283
49.3248	9.282928	81.17999721582032
39.0438	9.286917	76.21410659673215
32.7442	9.2901535	71.62809586919201
27.1013	9.292488	65.71201992893742
22.0045	9.924484	54.897932206754184
14.8859	9.930065	33.29213914257271
11.1614	9.93029	11.030064657161196
7.76366	9.914337	-27.701847026470105
4.82392	9.883261	-104.88028806029915
2.20908	9.85837	-346.26587317562155
-1.18188	9.820009	930.8803985504616
-3.82424	9.78397	355.84089176918366
-5.19473	9.740572	287.50873176014477
-6.50554	9.700911	249.11770091062843
-7.35265	9.659626	231.37610674708367
-7.0135	9.595764	236.818476764532
-6.3341	9.563007	250.97658234947383
50.5603	9.418224	81.3722930125888
83.6308	9.401243	88.75863281971264
86.2494	9.3959255	89.1060949690669
89.4242	9.3922615	89.49695371789238
90.9314	9.38995	89.67358472835645
85.9621	9.388058	89.07883610017872
80.7086	9.388041	88.36798272140516
74.1685	9.388011	87.34232489224304
67.0056	9.387793	85.98953744455773
60.085	9.387248	84.37671775658593
49.4254	9.909605	79.95037576297187
42.8314	9.9156065	76.84967797010954
36.5628	9.912287	72.88969556645323
30.0574	9.88772	67.10387395332646
24.5824	9.834991	59.991735112048126
17.3358	9.749329	43.76187705689281
12.8977	9.675022	24.9864557798125
9.14506	9.604916	-5.0284640468689545
5.891	9.5459385	-62.04275718246618
3.02474	9.508007	-214.34129451844726
0.704743	9.453418	-1241.399212052208
-1.47976	9.406565	735.681766568569
-3.21304	9.381338	391.9770070301066
-4.81409	9.344946	294.11656915822476
-6.66074	9.333141	240.12169021570116
-7.58658	9.325502	222.9210410848731
-8.04765	9.321976	215.8347388829841
-6.63103	9.321052	240.56717404901585
58.6979	9.334824	84.09683516967432
47.1709	9.336695	80.20666741713765
45.3141	9.335915	79.39732897689576
78.1617	9.333614	88.05857795312944
44.2659	9.927271	77.5735519698312
89.9789	9.927624	88.96671565886709
92.4475	9.909779	89.28063800462134
89.4696	9.795362	89.05173967095817
79.5223	9.748049	87.74174440790291
65.8219	9.655237	85.33127215033763
36.439	9.501804	73.92407978631246
30.1934	9.464295	68.65441944323946
24.3013	9.418028	61.24475703405102
16.0306	9.392492	41.40897700570791
12.0823	9.371569	22.435558333945053
8.34105	9.354616	-12.15153966425515
5.27059	9.341578	-77.23969866540345
2.33229	9.32583	-299.85726308846773
-0.0250102	9.32207	37373.072384373
-2.23376	9.319994	517.2334198840888
-4.67954	9.320908	299.184273587952
-6.01529	9.322189	254.9748921460578
-6.86929	9.324383	235.74011979082246
-7.32399	9.3253975	227.32673937727222
-5.59914	9.325813	266.55795380918545
13.5773	9.575426	29.474740551461206
81.2132	9.391962	88.43542706437157
84.3558	9.3677635	88.89494254289464
81.3023	9.349031	88.50090391222972
76.9443	9.329559	87.8749178378746
71.2542	9.321373	86.91814308601884
60.7586	9.31625	84.6667795113132
49.0327	9.313608	81.00531616443233
41.647	9.313187	77.63779674689589
31.4309	9.314514	70.36510570765765
22.8296	9.31773	59.18574919053226
9.75698	9.324402	4.433524404172248
6.40254	9.325621	-45.655011134198745
2.57946	9.326069	-261.5512154083186
-0.569453	9.325079	1737.55027823379
-2.26543	9.325693	511.6522565692637
-3.68432	9.325281	353.1072677830642
-4.98405	9.927111	299.1775980620552
-5.85342	9.926573	269.5858771174577
-6.63315	9.880308	248.95348365764428
-6.0282	9.794672	262.48086940316335
-5.60788	9.750005	273.8625834429722
-5.35699	9.70765	281.21464548865976
63.5271	9.678236	84.76518214344733
58.9277	9.635664	83.64833164730469
83.9696	9.303877	88.91994348932947
80.9585	9.307816	88.50297976900865
68.7789	9.31524	86.45625485025604
55.7996	9.328144	83.28277569760581
49.991	9.330547	81.33554615427994
44.2296	9.332075	78.90083284143445
37.7716	9.332533	75.29219525979543
31.5161	9.331644	70.39086663955783
26.0057	9.928896	61.820307579110484
21.1426	9.90532	53.14994094170844
12.6287	9.834653	22.12458367793996
6.21363	9.767004	-57.18676038934145
3.6547	9.737932	-166.4495542185188
1.26361	9.685581	-666.5008416565809
-1.53348	9.609529	726.6483998500283
-4.45456	9.488792	313.0130105378045
-6.05326	9.441362	255.97153625721035
-6.77037	9.397297	238.80035172741898
-6.66094	9.358361	240.4961155426686
-5.82042	9.326748	260.24183403577086
4.18606	9.274783	-121.56355239278608
103.596	9.275629	91.04634631055559
100.623	9.279474	90.7779809290539
98.1685	9.28429	90.54249964755188
91.7656	9.289654	89.87676237109035
71.0482	9.300678	86.9093405265865
61.0805	9.30582	84.76466265343991
52.9356	9.310366	82.41190480479939
41.1911	9.314125	77.38801629931469
19.7607	9.933804	49.72949619788929
26.6121	9.9333725	62.67347457302164
11.6094	9.911058	14.629019583617904
8.46471	9.870859	-16.61189658459116
1.83162	9.752159	-432.43352865931627
-1.03363	9.685332	1037.0212290402283
-2.59722	9.62162	470.4584097165932
-4.09607	9.564596	333.50665727133423
-6.33536	9.407999	248.49982459260588
-7.18766	9.3615465	230.24468714076303
-7.78895	9.321123	219.67111309408511
-6.93491	9.287912	233.92982185929716
-6.68002	9.264797	238.69414963234038
80.6057	9.24473	88.53092478573423
116.748	9.25057	92.0764620228704
117.581	9.257004	92.12712625061017
112.866	9.267132	91.7892581994396
86.5304	9.287966	89.2662422334263
78.1461	9.2939625	88.10694298786089
65.9568	9.297661	85.90340875572146
52.8001	9.937149	81.17967703590483
43.7681	9.916932	77.34210307276435
37.1574	9.881239	73.40707528056055
24.0662	9.837217	59.124343576680864
14.7478	9.800022	33.549260164888054
9.14388	9.74984	-6.626945011672339
6.19059	9.703606	-56.747673502889405
3.49533	9.615845	-175.10548940529014
1.29786	9.556187	-636.3033272255711
-0.728872	9.495089	1402.7100588357814
-2.42806	9.398689	487.08637903570906
-4.64557	9.310583	300.4185387970561
-5.87158	9.264309	257.7822108180259
-6.87846	9.220976	234.05582018548682
-7.57804	9.206614	221.49068146326442
-8.01496	9.1986065	214.76794900702558
-7.10661	9.194777	229.38343724194644
8.32222	9.211599	-10.686806134890587
52.8749	9.219034	82.5644452377266
88.5086	9.226953	89.57507883588302
107.017	9.257948	91.3490847464007
87.5838	9.271812	89.41378165303459
73.0725	9.275511	87.30642522953438
63.8234	9.941162	84.42395370822682
54.2424	9.924282	81.70382971900203
45.7224	9.893696	78.36138153871902
38.3282	9.854671	74.2887191530477
25.254	9.820229	61.11416532273383
19.9827	9.77317	51.0918429389435
15.468	9.730569	37.0922638567925
11.8009	9.676329	18.003471917767868
5.39524	9.525036	-76.54517979276049
2.81448	9.441416	-235.458621228595
0.741215	9.387365	-1166.483503228332
-1.22459	9.315285	860.6860674580596
-2.89358	9.276455	420.5874583510278
-4.35398	9.248007	312.4035177907948
-5.59531	9.227482	264.91457119930294
-6.47989	9.213227	242.1818496503944
-7.40083	9.203892	224.36296382919159
-6.49066	9.197151	241.69823156956548
-6.28068	9.196966	246.4326383678265
15.4314	9.209497	40.319755347569455
81.921	9.234667	88.72735295550223
89.5629	9.242254	89.68070875089487
101.496	9.248854	90.88746808682728
113.383	9.257008	91.8356269022094
108.729	9.939976	90.85802325636062
101.423	9.942781	90.19672078121127
91.1872	9.918076	89.12339089844461
71.1008	9.874258	86.11230814595565
36.7158	9.748417	73.44898770648034
30.0719	9.707294	67.71971623590922
24.7129	9.670078	60.870321919732966
19.737	9.6323185	51.19664216952046
9.84645	9.524065	3.2741225430037004
6.74798	9.480085	-40.487749036500624
2.98962	9.418995	-215.05658774859194
0.734452	9.384767	-1177.7916354895203
-2.07716	9.346176	549.9497718152852
-3.54702	9.327347	362.96290719808997
-4.78249	9.313013	294.73147903686765
-6.44087	9.298693	244.37014653285146
-7.62651	9.293055	221.8519989213422
24.7951	9.288907	62.537326613318555
13.6402	9.293987	31.86326076611927
87.8273	9.304527	89.40588271063353
94.5803	9.927391	89.50374325563416
106.589	9.934847	90.67929593031425
87.9887	9.902485	88.74572688202531
72.3911	9.878794	86.35358203018703
65.9964	9.860292	85.059350679978
53.7504	9.83213	81.70780062517987
45.5535	9.786329	78.51684915652262
29.6683	9.7518425	67.13043116005713
19.8766	9.69418	51.22818084872915
10.3065	9.626979	6.593135710445003
7.18993	9.6015	-33.54093305539005
4.67478	9.579342	-104.9153566542673
2.2772	9.559834	-319.8065094805727
0.289091	9.542602	-3200.898942752604
-1.61001	9.527662	691.7765871896125
-3.17266	9.514715	399.8970775077156
-4.67121	9.498738	303.3464380251315
-5.87356	9.490173	261.5744696189596
-6.83855	9.483007	238.6698610373449
-7.67534	9.474407	223.4395799545922
-8.42274	9.469753	212.43080326132036
90.2891	9.461864	89.52048410169259
-388.09860649817153