-10.2519	5.0668745	149.42376186709154
-9.11934	5.2475395	157.54297518353548
-9.2445	5.3267145	157.62036263041003
-11.7058	5.398732	146.1201469299448
-13.7154	5.4588995	139.8012424035953
-14.6717	5.5076847	137.53951407374436
-14.7364	5.543439	137.61732202493684
-14.645	5.5662446	138.007811207786
-18.8792	5.5800653	129.55668025642802
-21.1002	5.5886846	126.48640254146817
-21.2074	5.5942106	126.37857463742667
-20.8557	5.5985975	126.84444394855754
-20.3754	5.6033535	127.50058085229989
-19.8687	5.609016	128.23041472619406
-19.1337	5.6146593	129.34435281260588
-18.3865	5.6204233	130.56821283299763
-17.6122	5.6262317	131.94508475053513
-16.8771	5.63189	133.3700063773802
-16.2229	5.6375256	134.75041714322262
-14.707	5.6483974	138.4061778539403
-13.7535	5.6535025	141.1059113454203
-11.9122	5.6627903	147.53772902670252
-8.52576	5.670562	166.51092679152032
-4.82632	5.6765757	217.61704533317948
-3.35841	5.6789703	269.09699938776924
-0.571923	5.682646	1093.6033106291054
0.681557	5.683953	-733.9658505754757
3.04535	5.6855583	-86.69637905339367
3.74443	5.685896	-51.849435584648674
4.00303	5.6859426	-42.04097648089414
3.26688	5.685708	-74.04091929756548
2.7712	5.6852064	-105.15323805594905
2.63128	5.6844597	-116.03401402705305
2.31629	5.683464	-145.36928844872747
2.28609	5.682231	-148.55675870277025
2.50229	5.6807613	-127.0224999321129
2.3536	5.679094	-141.29392322346453
2.26493	5.675145	-150.56602740793102
2.52303	5.6730213	-124.84953490976253
2.3331	5.6709995	-143.06713519919973
2.11288	5.668828	-168.29862714779327
1.85194	5.666565	-205.9799298354659
1.53021	5.664157	-270.1555241793372
1.59486	5.6616216	-254.99176112994917
1.62748	5.659043	-247.71811209429157
1.69983	5.6538076	-232.61017021422228
1.72845	5.651156	-226.94936282737726
1.65359	5.648486	-241.589285171027
1.36042	5.6457987	-315.0040790288844
1.31957	5.6430883	-327.646010088212
1.32174	5.640399	-326.7404123847278
1.19243	5.6376905	-372.7900549724538
1.34875	5.6349945	-317.79383929924825
1.33358	5.632315	-322.3454975828828
0.998326	5.6296496	-463.90896339636964
1.0589	5.627009	-431.4013637975043
-5.69612	4.9066315	186.13988430412496
-17.0093	4.9593544	129.15672210502802
-7.58779	5.2465296	169.1443759968815
-11.26	5.329872	147.33456503559
-12.0268	5.401178	144.9095211534933
-12.1781	5.4616942	144.84848973696486
-11.8259	5.54614	146.89824605827818
-11.5222	5.568059	148.3246263709141
-15.4194	5.590373	136.2554506741014
-16.1422	5.5966854	134.67114300777888
-16.2038	5.601906	134.57155576544548
-16.0358	5.60726	134.967132440102
-15.6979	5.613474	135.7594003708649
-15.2163	5.619529	136.930980373035
-14.8626	5.625574	137.8505375125621
-14.4259	5.631641	139.03839798533093
-13.8153	5.637543	140.80651690220725
-13.2485	5.6434164	142.5966446010631
-12.7266	5.649178	144.38874987101724
-11.5098	5.660074	149.1761303847078
-9.82349	5.6697283	157.71602756945273
-7.94765	5.677713	171.43888409910826
-5.96273	5.680992	195.27502786740814
-4.23141	5.6838417	234.32500442307844
-2.70822	5.686282	309.9638369173327
0.0254618	5.6900387	-22247.35454325991
1.12566	5.6913857	-405.6043597607469
1.784	5.692402	-219.08082289422373
2.27336	5.6931114	-150.42718199993016
2.0125	5.693527	-182.9081782250214
1.40024	5.69366	-306.62029425346225
1.21958	5.693535	-366.8438707134757
1.10078	5.6925206	-417.13517374679606
1.21056	5.691655	-370.16714963486146
1.11036	5.6905813	-412.4987452190834
0.925965	5.6892815	-514.4164816288776
1.12689	5.687761	-404.73083891125793
1.21099	5.686058	-369.5380035674488
0.984297	5.68416	-477.4842899222909
1.07571	5.6820607	-428.21491382147696
1.45832	5.679775	-289.47384898974315
1.5951	5.6773505	-255.92442350976623
1.43664	5.6747494	-295.0014977500558
1.37737	5.672099	-311.8065032013853
1.53188	5.669898	-270.12677718046547
1.30409	5.667574	-334.59989944695826
1.02739	5.662696	-451.17295934777474
0.929012	5.660116	-509.2619224591442
1.071	5.6574593	-428.2408259211534
1.12491	5.654784	-402.6877116332884
1.00151	5.649231	-464.0713225075956
0.89962	5.6464367	-527.6468568226355
0.839476	5.6436167	-572.2784962017371
0.781643	5.6407633	-621.6547111884411
0.860239	5.6379547	-555.393968688264
-4.62351	4.960671	207.29231844671568
-7.43873	5.1574254	169.33207103753574
-9.81433	5.3343897	154.35306976309852
-9.90205	5.4053946	154.5886411818028
-9.59781	5.514163	157.45230565122353
-9.28557	5.5471373	159.73932859288217
-9.09495	5.5675144	161.21545021750606
-9.01788	5.5810018	161.8881817373283
-11.3577	5.5905824	149.22283316758208
-12.3812	5.5974283	145.20909439836876
-12.6839	5.608602	144.2182737441328
-12.5214	5.615244	144.8451747344177
-12.025	5.6277065	146.80005576913103
-11.7091	5.6339426	148.11593303437294
-11.0875	5.6460896	150.92301914849074
-10.6218	5.6520433	153.21172605096265
-10.4195	5.657811	154.30022484728124
-10.033	5.6633167	156.44689256444858
-8.91172	5.673297	163.6610749976243
-8.181	5.677684	169.4008556374149
-6.59706	5.6849155	186.17346768400637
-4.70606	5.6878347	220.86191727639272
-3.21878	5.690322	276.785035741528
-2.00109	5.6924253	384.46622138450505
-0.911198	5.694148	724.9078749079468
-0.165004	5.695525	3551.7496203231017
-0.473753	5.697309	1302.59057442346
-0.682476	5.697758	934.8657520794457
-0.620195	5.697832	1018.7162600809503
-0.471738	5.697498	1307.7673554215799
-0.527276	5.6961	1180.2882201816526
-0.236218	5.6950817	2510.9430908607583
-0.0776833	5.69384	7429.554990583588
-0.105271	5.6923876	5507.365395746153
-0.205874	5.6907587	2864.1949859474216
0.110971	5.688924	-5026.496153723494
0.216357	5.686904	-2528.4815866582476
0.072451	5.6847334	-7746.314132080049
0.136672	5.682376	-4057.6736147340416
0.395952	5.679875	-1334.4858295353345
0.450176	5.6772356	-1161.1146212612707
0.351488	5.6715517	-1513.5833026679713
0.198499	5.666032	-2754.4384590935156
0.196726	5.663617	-2778.936920289246
0.4617	5.6611185	-1126.1465519060996
0.371675	5.6560316	-1421.7680468119554
0.370426	5.653404	-1426.1898651217746
0.224234	5.648101	-2418.8422596384166
0.401881	5.645432	-1304.7520672954743
0.485108	5.642744	-1063.193410938507
0.33473	5.6400456	-1584.9536956865295
-4.36852	4.9647818	213.64906210261475
-6.39013	5.1625633	180.78964417329536
-5.6615	5.338681	194.29799951587742
-7.15548	5.4690456	176.4315633965295
-7.5565	5.5461454	173.395698362776
-7.49577	5.579646	174.43727067490622
-7.37738	5.5889773	175.7582965360731
-6.96979	5.5957108	180.2852064715799
-6.73985	5.6015663	183.1111416117596
-8.4984	5.6154613	166.07669119978885
-9.22282	5.6220016	160.95751056683048
-9.44987	5.634924	159.62964431899502
-9.57592	5.6412373	158.9106550291403
-9.3743	5.6596246	160.37383162357705
-9.02581	5.6705875	162.8263545080391
-8.76737	5.675494	164.73428233354588
-8.47096	5.6839457	167.09919397193002
-8.22909	5.6873646	169.11292451603498
-8.12748	5.6928215	170.0441196487325
-7.72599	5.694933	173.71137612385687
-7.27051	5.696666	178.35304657558862
-5.50377	5.6980467	203.52988613477348
-4.74221	5.6991014	220.17816751607697
-5.18487	5.700309	209.9412146639616
-5.46978	5.700492	204.21793816733734
-5.18925	5.700102	209.8444257030873
-5.11357	5.698785	211.4443449577366
-4.74046	5.697788	220.19483043998042
-4.49101	5.696604	226.84460760616716
-3.78128	5.6952014	250.61569985771607
-3.73873	5.693619	252.28749783979333
-3.23199	5.6898894	276.0491058206253
-2.80737	5.687785	302.60191900390686
-2.75155	5.6854944	306.6287826437545
-2.52424	5.6805024	325.03812539964844
-2.00984	5.677808	382.5004863651677
-2.02579	5.672062	379.9926066101048
-1.80462	5.669043	414.14055125262166
-1.97071	5.665945	387.50778664313503
-2.00751	5.6596375	381.92327009621135
-1.9695	5.657111	387.23591994195635
-1.66768	5.6519194	438.9090857623789
-1.29475	5.6466513	536.1190665813473
-1.07077	5.64401	627.0982279535128
-1.25085	4.9206257	493.3825476108108
-1.10125	4.941665	548.7323547256941
-1.02441	4.9708705	585.242257581248
-3.04452	5.076849	266.7536646681246
-4.3564	5.168891	218.6505237010418
-3.98337	5.4120274	235.86553675258335
-5.05861	5.543724	209.5898695727666
-5.02921	5.563322	210.62019615402193
-4.92105	5.586375	213.51998364371198
-4.68866	5.593711	219.30298216190593
-4.58804	5.600415	222.06554125899504
-4.58827	5.615775	222.39416771457968
-4.75258	5.628996	218.4408505648155
-5.08054	5.6419806	211.05080262964626
-6.07208	5.6483307	193.02135412269834
-6.67486	5.676594	185.04438714817252
-6.70919	5.6851664	184.7369946861418
-6.62201	5.6886444	185.90509846290462
-6.58146	5.6916094	186.4794344024143
-6.88313	5.6941195	182.72572786780992
-6.85104	5.6962147	183.14379671250848
-6.67768	5.699272	185.34808709728787
-7.28275	5.700295	178.27119352972042
-7.68538	5.7010126	174.17997060321727
-6.84801	5.701445	183.25696847601313
-6.8884	5.7015195	182.76987256422564
-6.60348	5.701192	186.33618180047068
-6.30727	5.7006454	190.3821368284875
-6.09749	5.698907	193.4631557733991
-5.65095	5.6977234	200.82770077988164
-5.4849	5.696373	203.85553996207315
-4.8735	5.6948166	216.85270833924469
-4.49422	5.6931005	226.67606855
-4.2957	5.6912007	232.485978055079
-3.9628	5.689148	243.56384152564786
-3.44601	5.686935	265.0295490110639
-3.08593	5.68458	284.2096032635808
-2.97248	5.682084	291.1563318504093
-2.77967	5.679464	304.32152383684024
-2.65281	5.676722	313.9890274665642
-2.55305	5.6738825	322.23937615308097
-2.52466	5.6709337	324.6216708508071
-2.29484	5.667926	346.9856441235803
-2.16797	5.6648197	361.29603409169016
-2.07509	5.6616917	372.8407853431895
-1.86468	5.6584954	403.45662690423967
-1.68794	5.6552796	435.040330261019
-1.61023	5.6520433	451.0084553955895
-1.49801	5.648786	477.08600335550415
-1.42048	5.6459575	497.4682964287063
-1.32255	5.6432886	526.6975256062678
-1.18481	5.6405993	576.0762627117851
-35.1492	5.0624285	114.40268187457728
-45.1491	5.3332243	111.81247267769028
-39.5442	5.469799	113.83211423582723
-37.9307	5.5508842	114.63427904504589
-35.7524	5.5817637	115.61227863837145
-33.1781	5.5899534	116.84832548428044
-29.755	5.602356	118.82827829842319
-26.5448	5.612091	121.14196040560115
-24.6203	5.622031	122.83494554748759
-22.4085	5.631892	125.13284240007327
-19.9651	5.6411095	128.2548529911071
-17.1395	5.649249	132.96041390451003
-12.1362	5.656024	146.60457932151309
-8.60946	5.6612854	165.7565687193145
-4.75164	5.664981	219.22158662530956
-1.98664	5.667144	385.2627496048039
0.777484	5.667903	-629.0057426328101
3.35256	5.666947	-69.03341967688586
4.76456	5.6651793	-18.9024587352671
3.52879	5.66118	-60.42836281075816
3.25528	5.657806	-73.80397043014337
2.47232	5.6539907	-128.6916969907023
2.65532	5.6498384	-112.77430209462524
2.39398	5.645433	-135.81788014835058
2.47212	5.640834	-128.17799088671876
2.08993	5.636077	-169.67777734427494
2.0336	5.631191	-176.90748044120096
1.91416	5.626239	-193.9272988748057
1.68906	5.621277	-232.8050481400694
1.5665	5.6163416	-258.5280570658274
1.56773	4.9233055	-214.04040674402816
-41.8368	5.155755	112.323490649356
-46.1832	5.3332243	111.54797665315976
-39.5442	5.469799	113.83211423582723
-37.9307	5.5508842	114.63427904504589
-35.7524	5.5817637	115.61227863837145
-33.1781	5.5899534	116.84832548428044
-30.9095	5.594017	118.09805078282162
-27.6884	5.612091	120.26874434788742
-24.6203	5.622031	122.83494554748759
-22.4085	5.631892	125.13284240007327
-19.9651	5.6411095	128.2548529911071
-17.1395	5.649249	132.96041390451003
-12.1362	5.656024	146.60457932151309
-8.60946	5.6612854	165.7565687193145
-4.75164	5.664981	219.22158662530956
-1.98664	5.667144	385.2627496048039
0.777484	5.667903	-629.0057426328101
3.35256	5.667511	-69.0502455756278
4.76456	5.6651793	-18.9024587352671
3.52879	5.66267	-60.47059020656831
3.28563	5.655946	-72.14189665415203
2.37466	5.651952	-138.01098910587362
2.49443	5.647664	-126.41100061381721
2.38925	5.643155	-136.18939011645364
2.24314	5.636077	-151.2583687085949
2.0336	5.631191	-176.90748044120096
1.91416	5.626239	-193.9272988748057
1.68906	5.621277	-232.8050481400694
1.5665	5.6163416	-258.5280570658274
1.56773	4.902045	-212.68425874331766
-45.1491	5.469799	112.11496771679529
-37.9307	5.5508842	114.63427904504589
-35.7524	5.5817637	115.61227863837145
-33.1781	5.5899534	116.84832548428044
-30.9095	5.594017	118.09805078282162
-28.7582	5.602356	119.4809060526229
-25.6599	5.617031	121.89030725676862
-23.4345	5.6270075	124.01164309200713
-21.3243	5.636611	126.43280121108312
-18.531	5.645336	130.46428206403715
-12.1362	5.656024	146.60457932151309
-8.60946	5.6612854	165.7565687193145
-3.47181	5.66625	263.2073846228224
-0.53493	5.6676807	1159.518269041775
2.19729	5.6678367	-157.9466893921096
4.0529	5.666947	-39.82449888211689
4.76456	5.6640096	-18.877909112753823
3.42673	5.66118	-65.20648418844358
3.25528	5.657806	-73.80397043014337
2.37466	5.651952	-138.01098910587362
2.49443	5.647664	-126.41100061381721
2.38925	5.643155	-136.18939011645364
2.24314	5.6384735	-151.365209279229
2.07534	5.633644	-171.45643680409697
1.98801	5.6287293	-183.13385366605988
1.78646	5.623767	-214.79948535668132
1.63864	5.6188135	-242.89492968417002
1.64064	5.6139164	-242.17843813337018
-35.1492	5.0624285	114.40268187457728
-45.1491	5.2485137	111.62484329013078
-42.4209	5.4076805	112.74768029593223
-38.5752	5.5181503	114.3049172899779
-34.486	5.587366	116.20183316965878
-32.0696	5.591651	117.43598942434225
-29.755	5.5977993	118.81297079157181
-27.6884	5.607153	120.2509165997552
-25.6599	5.617031	121.89030725676862
-23.4345	5.6270075	124.01164309200713
-21.3243	5.636611	126.43280121108312
-18.531	5.645336	130.46428206403715
-14.6837	5.65282	138.49724377678083
-10.4508	5.6588497	154.14752696045375
-6.65753	5.663329	185.06652269340773
-3.47181	5.66625	263.2073846228224
-0.53493	5.6676807	1159.518269041775
2.19729	5.6678367	-157.9466893921096
4.0529	5.666947	-39.82449888211689
4.76456	5.6651793	-18.9024587352671
3.52879	5.66267	-60.47059020656831
3.28563	5.657806	-72.19851111655665
2.37466	5.6498384	-137.9219935329616
2.39398	5.645433	-135.81788014835058
2.47212	5.640834	-128.17799088671876
2.08993	5.636077	-169.67777734427494
2.0336	5.631191	-176.90748044120096
1.91416	5.626239	-193.9272988748057
1.68906	5.6188135	-232.65920721085433
1.64064	5.6139164	-242.17843813337018
-35.1492	5.0624285	114.40268187457728
-45.1491	5.2485137	111.62484329013078
-42.4209	5.4076805	112.74768029593223
-38.5752	5.5181503	114.3049172899779
-34.486	5.587366	116.20183316965878
-32.0696	5.591651	117.43598942434225
-29.755	5.5977993	118.81297079157181
-27.6884	5.607153	120.2509165997552
-25.6599	5.617031	121.89030725676862
-23.4345	5.6270075	124.01164309200713
-21.3243	5.636611	126.43280121108312
-17.1395	5.649249	132.96041390451003
-12.1362	5.656024	146.60457932151309
-8.60946	5.6612854	165.7565687193145
-4.75164	5.664981	219.22158662530956
-1.98664	5.667144	385.2627496048039
0.777484	5.667903	-629.0057426328101
3.35256	5.667511	-69.0502455756278
4.76456	5.6651793	-18.9024587352671
3.52879	5.66267	-60.47059020656831
3.28563	5.655946	-72.14189665415203
2.65532	5.6498384	-112.77430209462524
2.39398	5.645433	-135.81788014835058
2.24314	5.6384735	-151.365209279229
2.07534	5.633644	-171.45643680409697
1.98801	5.6287293	-183.13385366605988
1.78646	5.623767	-214.79948535668132
1.63864	5.6163416	-242.7440775288124
1.56773	4.902045	-212.68425874331766
-45.1491	5.3332243	111.81247267769028
-39.5442	5.469799	113.83211423582723
-37.9307	5.5707617	114.68668616722508
-34.486	5.587366	116.20183316965878
-32.0696	5.591651	117.43598942434225
-29.755	5.5977993	118.81297079157181
-27.6884	5.607153	120.2509165997552
-24.6203	5.622031	122.83494554748759
-22.4085	5.631892	125.13284240007327
-14.6837	5.65282	138.49724377678083
-10.4508	5.6588497	154.14752696045375
-6.65753	5.663329	185.06652269340773
-3.47181	5.667144	263.2331231513738
0.777484	5.6678367	-628.9972176515869
4.76456	5.6651793	-18.9024587352671
3.52879	5.66267	-60.47059020656831
3.28563	5.659554	-72.25171506917783
3.01736	5.655946	-87.44683532551474
2.37466	5.651952	-138.01098910587362
2.49443	5.647664	-126.41100061381721
2.24314	5.6384735	-151.365209279229
2.07534	5.633644	-171.45643680409697
1.98801	5.6287293	-183.13385366605988
1.78646	5.623767	-214.79948535668132
1.63864	5.6188135	-242.89492968417002
1.64064	5.6139164	-242.17843813337018
-41.8368	5.155755	112.323490649356
-46.1832	5.3332243	111.54797665315976
-39.5442	5.469799	113.83211423582723
-37.9307	5.5508842	114.63427904504589
-35.7524	5.5817637	115.61227863837145
-32.0696	5.591651	117.43598942434225
-28.7582	5.602356	119.4809060526229
-26.5448	5.612091	121.14196040560115
-23.4345	5.6270075	124.01164309200713
-19.9651	5.6411095	128.2548529911071
-14.6837	5.65282	138.49724377678083
-10.4508	5.6588497	154.14752696045375
-6.65753	5.663329	185.06652269340773
-3.47181	5.66625	263.2073846228224
-0.53493	5.6676807	1159.518269041775
2.19729	5.6678367	-157.9466893921096
4.0529	5.666947	-39.82449888211689
4.76456	5.6651793	-18.9024587352671
3.52879	5.66267	-60.47059020656831
3.28563	5.659554	-72.25171506917783
3.01736	5.655946	-87.44683532551474
2.37466	5.651952	-138.01098910587362
2.49443	5.647664	-126.41100061381721
2.38925	5.643155	-136.18939011645364
2.24314	5.6384735	-151.365209279229
2.0336	5.631191	-176.90748044120096
1.91416	5.626239	-193.9272988748057
1.68906	5.621277	-232.8050481400694
1.5665	5.6163416	-258.5280570658274
-35.1492	5.0624285	114.40268187457728
-45.1491	5.2485137	111.62484329013078
-42.4209	5.4076805	112.74768029593223
-38.5752	5.5508842	114.38977470608194
-34.486	5.587366	116.20183316965878
-30.9095	5.594017	118.09805078282162
-28.7582	5.602356	119.4809060526229
-26.5448	5.612091	121.14196040560115
-24.6203	5.622031	122.83494554748759
-21.3243	5.636611	126.43280121108312
-17.1395	5.649249	132.96041390451003
-12.1362	5.656024	146.60457932151309
-8.60946	5.6612854	165.7565687193145
-4.75164	5.664981	219.22158662530956
-0.53493	5.6676807	1159.518269041775
3.35256	5.667511	-69.0502455756278
4.76456	5.6651793	-18.9024587352671
3.52879	5.66267	-60.47059020656831
3.28563	5.657806	-72.19851111655665
2.47232	5.6539907	-128.6916969907023
2.65532	5.6498384	-112.77430209462524
2.39398	5.645433	-135.81788014835058
2.47212	5.640834	-128.17799088671876
2.07534	5.633644	-171.45643680409697
1.98801	5.6287293	-183.13385366605988
1.78646	5.623767	-214.79948535668132
1.63864	5.6188135	-242.89492968417002
1.64064	5.6139164	-242.17843813337018
-45.1491	5.2485137	111.62484329013078
-42.4209	5.4076805	112.74768029593223
-38.5752	5.5181503	114.3049172899779
-33.1781	5.5899534	116.84832548428044
-30.9095	5.594017	118.09805078282162
-28.7582	5.602356	119.4809060526229
-26.5448	5.612091	121.14196040560115
-24.6203	5.622031	122.83494554748759
-19.9651	5.6411095	128.2548529911071
-17.1395	5.649249	132.96041390451003
-12.1362	5.656024	146.60457932151309
-8.60946	5.6612854	165.7565687193145
-4.75164	5.664981	219.22158662530956
-1.98664	5.667144	385.2627496048039
0.777484	5.667903	-629.0057426328101
3.35256	5.667511	-69.0502455756278
4.58763	5.6661634	-23.509605125560793
3.52879	5.66118	-60.42836281075816
3.25528	5.657806	-73.80397043014337
2.47232	5.6539907	-128.6916969907023
2.65532	5.6498384	-112.77430209462524
2.39398	5.645433	-135.81788014835058
2.47212	5.640834	-128.17799088671876
2.08993	5.633644	-169.56137042566098
1.98801	5.6287293	-183.13385366605988
1.78646	5.623767	-214.79948535668132
1.5665	5.6163416	-258.5280570658274
1.56773	4.902045	-212.68425874331766
-35.1492	5.0624285	114.40268187457728
-46.1832	5.4076805	111.70919384876856
-38.5752	5.5508842	114.38977470608194
-35.7524	5.5817637	115.61227863837145
-33.1781	5.5899534	116.84832548428044
-30.9095	5.594017	118.09805078282162
-28.7582	5.602356	119.4809060526229
-25.6599	5.617031	121.89030725676862
-23.4345	5.6270075	124.01164309200713
-21.3243	5.636611	126.43280121108312
-18.531	5.645336	130.46428206403715
-14.6837	5.65282	138.49724377678083
-10.4508	5.6588497	154.14752696045375
-6.65753	5.663329	185.06652269340773
-3.47181	5.66625	263.2073846228224
-0.53493	5.667903	1159.559808330945
3.35256	5.667511	-69.0502455756278
4.58763	5.6661634	-23.509605125560793
3.83902	5.6640096	-47.53790161816374
3.42673	5.66118	-65.20648418844358
3.01736	5.655946	-87.44683532551474
2.65532	5.6498384	-112.77430209462524
2.39398	5.6384735	-135.5271743676975
2.0336	5.631191	-176.90748044120096
1.91416	5.626239	-193.9272988748057
1.68906	5.621277	-232.8050481400694
1.5665	5.6163416	-258.5280570658274
1.56773	4.9019217	-212.67641147428893
-32.3211	5.153621	115.94506975394859
-26.9502	5.3277574	119.76890324229886
-22.1854	5.542533	124.98279032551066
-19.0813	5.59614	129.32787436987067
-17.1805	5.6072526	132.63730456629065
-15.9797	5.6243258	135.19669752738284
-14.3805	5.6354566	139.18818609690652
-13.0954	5.6461315	143.1153808004677
-11.0577	5.6602354	151.188179499517
-9.42483	5.667886	160.13780108191617
-5.67426	5.6739364	199.99428561152277
-2.92616	5.6783423	294.0544055118447
-0.337544	5.6811438	1783.082451086195
1.51498	5.6825614	-275.0915307328368
1.3354	5.681987	-325.4894976828995
1.00597	5.6804466	-464.67356062933004
1.0082	5.678108	-463.1926024502817
0.887581	5.675106	-539.3902333052048
1.41536	5.6715655	-300.7154107252651
1.38996	5.6675854	-307.75165675657365
1.80362	5.661006	-213.8691161802478
1.37842	5.6562996	-310.3466091269369
1.19221	5.648882	-373.8160112676935
1.21181	5.638509	-365.2964335192352
1.0468	5.630598	-437.88668854296026
0.891375	4.9076104	-450.56629678074404
-17.1231	5.24879	130.65327338451647
-14.1685	5.40444	138.14405829969934
-14.4532	5.513033	138.14402229084664
-18.6119	5.579962	129.98061282255085
-18.0213	5.5937653	131.03974439560935
-17.1845	5.602974	132.60481260766954
-16.2556	5.6196556	134.5705825535258
-14.8134	5.6308155	138.01163408737642
-13.5938	5.6417747	141.50256220441904
-12.5459	5.6521373	145.0516710717253
-11.0178	5.661416	151.38426803563854
-9.61074	5.6692843	158.98904807706523
-6.15545	5.6755424	192.20352695819338
-3.34887	5.680044	269.6107745743522
-0.718995	5.684021	890.5508817486981
1.57442	5.685235	-261.1002853596737
0.670738	5.6841707	-747.450217344245
0.969499	5.682355	-486.11250294642144
0.887232	5.679755	-540.165746260921
1.34339	5.676425	-322.54483293005023
1.42906	5.670166	-296.77592864226233
0.977998	5.6627784	-479.01734291462674
1.15177	5.658251	-391.2656789708942
1.08799	5.6533937	-419.61817178171964
1.01879	5.648148	-454.39769348589965
0.976899	5.6398664	-477.32335402485205
0.897478	5.6316776	-527.5003516594273
-19.9178	5.159583	125.90438608385753
-15.8051	5.4077673	134.21533014631342
-18.5337	5.5147595	129.75530403065886
-18.6774	5.5792084	129.87143926929804
-17.5768	5.596204	131.83858808796887
-16.1865	5.6064844	134.6367854026943
-15.2759	5.6172295	136.77183997794472
-13.3645	5.6391973	142.195341214101
-11.8382	5.6544104	147.7641153180488
-10.8085	5.6630926	152.39479583332084
-8.82794	5.6702642	164.23088797966807
-4.12366	5.6779165	237.69118710555645
-1.67195	5.6809187	439.77802166978853
-0.268426	5.682545	2216.9875879355363
-1.18834	5.6828547	578.2179457367685
-0.930906	5.6818714	710.3592896688317
-0.486166	5.678914	1268.101855302855
-0.299862	5.6760597	1992.89062413813
-0.167387	5.6726	3488.913128649299
0.0638238	5.666402	-8778.196289289932
0.589975	5.661709	-859.6523507754691
0.568228	5.6539984	-895.0228693491141
0.358779	5.6485233	-1474.3739692552954
0.655263	5.6403275	-760.7730721338785
0.547025	5.632789	-929.7132123505198
0.526745	5.627696	-968.3909649028013
-17.8609	5.0705366	128.38903592554496
-16.6356	5.336893	132.08115943358314
-17.1304	5.467598	131.91751538731245
-17.6066	5.5450563	131.49419738793355
-17.1144	5.5770884	132.5871139406266
-15.4637	5.599553	136.210952110918
-14.2549	5.616066	139.39744219475483
-13.0718	5.6323237	143.0875940483743
-12.2927	5.642813	145.90377064709153
-11.4862	5.6525316	149.21150958381966
-10.3344	5.661089	154.7790761584747
-9.09453	5.6682143	162.32553779209687
-6.14054	5.6737556	192.3983156548953
-3.36421	5.677643	268.7660177488865
-1.60437	5.679934	454.02894289832153
-2.33266	5.6809273	343.5385841105042
-2.31773	5.6804366	345.08621512593425
-1.9199	5.6780386	395.74658956735203
-1.43555	5.675565	495.3581991960649
-1.63012	5.6724825	447.979448954319
-1.12779	5.668887	602.6545073096936
-0.804606	5.66482	804.0489370769749
-0.154644	5.658004	3758.7283771808065
-0.546006	5.6504965	1134.8780809175432
-0.0815314	5.6452065	7023.966369608074
0.194003	5.6370387	-2805.645056297483
0.0182941	5.628765	-30668.198261581398
0.165105	4.9162407	-2877.645027183642
-20.583	5.1642375	125.08982135807892
-16.0369	5.5119057	134.37014522201238
-15.6732	5.5634494	135.49657395360174
-14.9424	5.5896864	137.4082172077761
-13.4115	5.6045003	141.7887691916157
-12.3328	5.625531	145.6143956817409
-10.9341	5.6411724	151.59246190767132
-8.87608	5.6592655	163.75861640674725
-7.76127	5.6663284	173.0077535410885
-4.8679	5.6718316	216.5149696445962
-0.56542	5.6786375	1104.322090689259
-1.1169	5.6790257	608.4632300862098
-0.696301	5.678422	915.5125598442457
-0.460418	5.676996	1333.009171299957
0.13482	5.6748543	-4109.2080710313
0.863571	5.6705384	-556.6383452267092
0.759834	5.665118	-645.573172489051
0.62356	5.661003	-807.8521824718798
0.587898	5.656538	-862.1630992978814
1.16828	5.649323	-383.5589790987836
0.786838	5.6416125	-616.9979723430531
0.824774	5.636297	-583.3747524464835
0.979674	5.628189	-474.4961396799577
-17.7918	5.0730276	128.51328582132106
-17.6632	5.2539034	129.74490648774096
-13.8875	5.405202	138.921346435016
-14.3503	5.510167	138.39756821453304
-14.0612	5.5622387	139.5573606148626
-13.4542	5.583459	141.49974719570824
-12.7874	5.5982	143.77903788482598
-11.185	5.6188426	150.2355110786086
-10.3604	5.634123	154.38132446438206
-9.59992	5.6439033	158.7911521335759
-8.51841	5.6568737	166.40762634065516
-7.41649	5.663929	176.36940659106656
-5.55116	5.6716866	202.1712087297771
-1.72452	5.674867	429.06939303576956
-1.84647	5.6765265	407.425868403589
-1.34656	5.676969	521.5905006513947
-1.32467	5.6764154	528.5154421692246
-1.33633	5.6740875	524.602243953117
-0.312912	5.668803	1911.6286511922758
0.434604	5.6654167	-1203.5813477301137
0.534175	5.6616344	-959.8838826601609
0.270217	5.653055	-1992.042773237125
0.644663	5.640852	-775.0079190802218
0.723922	5.63566	-678.4899891283907
0.75804	5.63038	-642.7550171605925
0.707728	4.917535	-594.8339970688174
-11.3193	5.5819626	149.31367429467966
-12.8701	5.5921965	143.4510648835837
-11.7242	5.6020365	147.78182184961992
-10.8542	5.6315026	151.88316009536214
-10.3992	5.6411457	154.24595611000086
-10.0125	5.654069	156.4701029168195
-9.21752	5.6721125	161.53621161126384
-8.84032	5.674139	164.1847722489082
-7.57414	5.6740837	174.9139061690721
-7.02424	5.673167	180.76555952219888
-5.13684	5.6704865	210.38861629740416
-4.70238	5.667989	220.53446467035897
-4.3352	5.6650147	230.6748238176166
-2.74176	5.661628	306.49611840231654
-1.85822	5.6558867	404.3712168923046
-1.22343	5.649431	561.7698744260258
-0.85083	5.6447954	763.4457358717702
-0.290313	5.634873	2040.9647676980703
0.429776	5.627128	-1209.316429152431
0.163786	5.070094	-2995.560275165555
0.840542	5.2489877	-524.4765566192773
0.635012	5.4002776	-750.421359348878
-14.56	5.559057	138.18033050709076
-8.38056	5.5803814	166.58721428950207
-7.52502	5.5900736	174.28648718078213
-7.9199	5.599542	170.70217687341872
-7.96643	5.608552	170.40231785651545
-7.92914	5.627313	170.97003646485948
-8.07584	5.6450596	169.90058728418498
-8.27046	5.6558075	168.38564489819547
-8.40393	5.6612196	167.36395700531503
-8.76646	5.666422	164.63751183055382
-9.77104	5.6683474	158.0117099131946
-11.5733	5.6683125	148.97749863314075
-12.5984	5.667498	144.9858520345365
-8.57399	5.665118	166.0733019816517
-6.5878	5.6629047	185.9604832733505
-5.01989	5.660265	212.75675679783333
-2.76889	5.6572447	304.3145232050173
-1.91399	5.652073	395.30315441632234
-1.47898	5.648218	481.8995850831772
-0.984848	5.64404	673.0874184652092
0.165035	5.6396027	-3317.2163923884395
0.426259	5.6349154	-1221.9463228347245
0.794722	5.6250362	-607.799209538459
0.850676	4.917494	-478.0689428057434
0.988791	5.004505	-406.12366147532487
0.897979	5.1587744	-474.48720886300623
1.00674	5.3994336	-436.328509142588
-11.0979	5.506687	149.61917993928327
-8.75508	5.5869584	163.81390852892918
-4.15491	5.5944266	234.64614244736717
-2.68178	5.6072197	309.0857284644896
-3.12534	5.6158066	279.68624629308977
-4.1937	5.6244717	234.11717298329722
-5.00064	5.6369543	212.7246593005389
-6.81826	5.654663	182.93410526998946
-7.72821	5.657339	173.20375084429907
-11.199	5.6584263	150.52616438912602
-12.4232	5.6584063	145.54709266044912
-13.3196	5.657761	142.47696273964203
-12.6001	5.6569614	144.89616460954687
-8.44772	5.656123	166.95443796147154
-5.6669	5.6532555	199.7592295952888
-4.70395	5.6513786	220.1411307040377
-3.16351	5.64911	278.5709521556822
-0.91792	5.6464415	715.1343929166368
-0.208447	5.643369	2807.3401554875845
0.463979	5.636018	-1114.7140209314264
0.772396	5.631809	-629.1349217955104
1.07691	5.6273174	-422.54295435264277
1.31676	5.6201777	-326.81869632963094
1.06818	4.968231	-365.11180181826035
1.07722	5.071045	-370.75296556938315
1.09793	5.2487497	-378.05870596032355
-10.2409	5.5853434	154.53957503015823
-13.8047	5.5960603	140.5373589742013
-3.45432	5.6087523	262.3692166763249
4.16279	5.6276903	-35.190354459213815
-0.286028	5.637463	2070.9479659665785
-2.02291	5.6513324	379.3664596273292
-3.71115	5.663194	252.59943808469538
-5.25106	5.6696115	207.9707991203631
-8.59038	5.674712	166.05892136764396
-11.3052	5.6784544	150.22869642657247
-12.1725	5.68249	146.68301917510243
-12.0523	5.6830397	147.153152937868
-8.60006	5.6827455	166.07797652136875
-4.57374	5.681673	224.2237871654913
-1.70249	5.6798954	433.62283331026157
-0.591336	5.6774836	1060.1112874827184
0.0686037	5.6744876	-8171.401718515095
0.729893	5.6669836	-676.4128718190648
0.88916	5.6648207	-537.0980066604418
1.11215	5.6625614	-409.15446776262974
1.47093	5.66022	-284.80553818748683
1.18801	5.6577845	-376.24046358778816
1.14215	5.655286	-395.1438720332189
1.32553	5.6527185	-326.449670808155
1.54776	5.650096	-265.0498723307767
1.549	5.6474276	-264.5853910210856
1.49471	5.6447244	-277.64680023249923
1.38054	5.641982	-308.6793677367445
-15.0421	5.062062	133.65263014743434
-4.7884	5.3234043	211.17293034069
-4.97937	5.453513	209.52214872766052
-4.88247	5.534176	213.3478695088191
-4.65732	5.58375	219.8919065909786
-4.34577	5.6005697	228.87405170654418
-3.96729	5.6358776	242.0586273333806
-3.9083	5.648096	244.51543312414543
-3.63842	5.659555	255.54980656119272
-3.57324	5.669806	258.6740800767052
-3.29375	5.6785355	272.4033439331729
-3.20578	5.6855764	277.35391658019745
-2.52334	5.6908793	325.52962091073454
0.0743442	5.6944838	-7559.620496857684
-0.705855	5.696921	907.0950345549954
-0.502777	5.696816	1233.0701899350793
0.178946	5.694706	-3082.3599536442375
0.522808	5.6907864	-988.5040272991472
0.591114	5.6855183	-861.8311109927987
0.158135	5.6792555	-3491.3970068581057
0.190164	5.674672	-2884.0937524732226
0.510313	5.669821	-1011.047731442759
0.596918	5.6621237	-848.5597159832893
0.369259	5.656755	-1431.9207094337528
0.559408	5.6512666	-910.2226469048595
0.612058	5.6457005	-822.4126511922867
0.418561	5.640108	-1247.4996434566879
0.508495	4.92003	-867.5671335450286
-1.23758	5.5084724	545.1003234288291
-1.05029	5.5639095	629.749851057906
-0.788083	5.589472	809.2491218505988
-0.521229	5.6046963	1175.2847072513725
-1.69455	5.6188	431.58065795112685
-2.81209	5.631617	300.2644564196304
-3.09229	5.6437597	282.51069159269343
-3.24447	5.6554756	274.3112306591282
-3.18165	5.6664658	278.0983494178672
-3.28184	5.6804686	273.08792167982136
-3.49191	5.6875963	262.87923664760086
-3.61869	5.693111	257.325190082466
-4.3372	5.697163	231.35576896860167
-2.81393	5.6998777	302.5593100025266
-2.68495	5.7014065	312.34682209656495
-2.28752	5.7018557	349.25927771108485
-2.05547	5.701317	377.37290555702606
-1.44528	5.699851	494.37696012838126
-1.3325	5.6975517	527.5836254296455
-0.71078	5.6944027	901.14840279717
-0.66065	5.6905227	961.3520478591048
-0.197436	5.6858883	2979.863855092332
-0.0288356	5.6806335	19800.070990269036
-0.175055	5.6751375	3341.9169062446213
0.00557821	5.670107	-101547.4271012508
-0.0253823	5.6646585	22417.357281148576
0.269906	5.658863	-1996.60501805159
0.112982	5.6528254	-4903.297591885407
0.247666	5.6468325	-2180.0192821142746
0.312294	4.922714	-1476.307624654924
-0.0453607	5.2581444	11691.850051164463
-0.446599	5.4659634	1323.908535895262
-0.488198	5.540943	1234.978594678646
-0.590003	5.5865083	1046.8609727751618
-1.64267	5.6000733	440.9128635824471
-2.15449	5.6140223	360.57314122833554
-2.50408	5.626126	324.67836181585744
-2.78347	5.6380997	302.5565240585234
-3.02508	5.649832	286.7663532103494
-3.31598	5.660955	270.71739117305236
-3.58379	5.670931	258.2383600311479
-4.34078	5.679393	230.83806652001616
-4.78707	5.6859407	218.77706947745804
-7.53698	5.6906857	175.50352573829764
-8.64966	5.6939235	165.8282970367899
-6.67286	5.6958795	185.3588987624841
-5.27569	5.696723	207.98062242654595
-4.80771	5.6965904	218.48865048238537
-4.10025	5.6947885	238.8888184660106
-2.96571	5.6926107	291.9476498640696
-2.54207	5.686157	323.6821920850585
-2.55493	5.681981	322.39282137909004
-1.94111	5.6772437	392.47408880226385
-1.18327	5.6692452	579.1167992546434
-0.835958	5.663432	777.4780663852273
-0.93834	5.657343	702.9097171374246
-0.856115	5.6516666	760.1527400599281
-0.423823	5.643804	1431.6417389885762
-0.546538	4.928289	1001.7284908716898
0.607173	5.1718855	-751.7976477697871
1.81036	5.340795	-195.01287994521414
0.728586	5.5715795	-664.7112542944433
0.423499	5.5892696	-1219.7834411004774
0.0139687	5.6038895	-40017.47587819993
-0.433778	5.6177125	1395.0662492938936
-1.11158	5.635362	606.9686353604747
-1.65112	5.646678	441.9907934661016
-2.16675	5.6573935	361.10043036933945
-2.90071	5.667086	295.3689405135101
-4.00345	5.675403	241.76281047656562
-7.4569	5.6847367	176.23458323637558
-9.15841	5.6886787	162.1142610620174
-10.0734	5.691156	156.49686988916213
-9.16925	5.6924086	162.0815099449746
-7.79168	5.692628	173.06034753138812
-7.05585	5.691966	180.67016778185587
-6.09991	5.6905313	193.28878514009605
-5.8627	5.6884017	197.02699631792603
-5.14097	5.6856456	210.59480609004623
-4.48306	5.6823044	226.75057952544114
-3.60092	5.676279	257.63412932214453
-3.2903	5.671666	272.3753412734218
-2.95164	5.666626	291.9823022073776
-2.29592	5.6612344	346.578044413448
-1.98386	5.6555805	385.07961627283163
-1.73274	5.649716	426.0567445670282
-1.74422	5.6437206	423.56700008707196
-1.17266	5.6376595	580.7582302910902
3.39082	5.174301	-52.59733949837331
4.68161	5.339839	-14.059882371730104
4.00429	5.4611483	-36.38243284841333
3.52092	5.5343866	-57.18580867344642
2.68326	5.588233	-108.26282466390057
2.01882	5.6100044	-177.88531386606152
1.60778	5.621326	-249.6327881085214
1.17784	5.6326675	-378.2200748590295
0.661794	5.6491356	-753.6093334982128
-0.410948	5.6592226	1477.113960876566
-2.3304	5.6754537	343.5398938820426
-5.11549	5.681161	211.0580017076872
-6.79381	5.684999	183.67910726623586
-6.13219	5.687958	192.75573701209203
-4.69318	5.688379	221.20522088712488
-3.93735	5.687576	244.45186555792407
-3.36253	5.6860585	269.1006108920831
-2.61462	5.6839294	317.39028028148607
-2.62299	5.6812463	316.59429700197705
-1.72485	5.676281	429.08837880693403
-1.05303	5.6723905	638.6731988023713
-0.716134	5.6680965	891.4854634746417
-0.600115	5.663401	1043.719276589925
-0.125029	5.6583705	4625.646602119478
0.0569037	5.65306	-9834.432549822845
-0.0639452	5.6475134	8931.802526956059
0.163335	5.6388817	-3352.3414990257475
0.376487	4.934785	-1210.745197009659
8.90632	5.260211	40.93844352787727
8.47113	5.403576	36.211867123948956
7.70604	5.5020876	28.60032311645193
7.07902	5.5526085	21.56246949891016
6.45992	5.5782185	13.648798731922222
5.82466	5.5940137	3.959821523959049
5.18044	5.608222	-8.257639561972981
4.47678	5.6189613	-25.51345861016172
3.72404	5.629675	-51.17117066361344
2.00062	5.650203	-182.42262615823608
0.870675	5.6593494	-549.9956015754369
-1.9947	5.67065	384.28586420551403
-5.34359	5.676253	206.22545135245113
-7.25004	5.6800876	178.34560913670194
-9.59761	5.682926	159.21188605842073
-8.64147	5.683364	165.7684854983392
-6.5303	5.6824255	187.01629904917345
-4.91029	5.680958	215.69496031317516
-4.33217	5.678936	231.08757202220443
-3.50612	5.6764307	261.90063426284155
-3.10964	5.673479	282.4481139941462
-2.20293	5.6701164	357.3897714637115
-1.30414	5.6663523	534.4895880856157
-1.18333	5.6600018	578.3113309314106
-0.989249	5.6553273	671.6788324334434
-0.431962	5.6503396	1408.0640033558159
-0.271368	5.6450996	2180.2378075291917
-0.262061	5.639661	2252.041302317626
-0.0581861	5.634082	9782.865665694275
6.7199	5.082424	24.367564032660425
14.7686	5.256065	64.41053855094924
14.5613	5.4000497	62.91506179663794
13.5226	5.5008516	59.321050978336714
12.6441	5.552824	56.08367588604874
11.7904	5.57769	52.69295073334989
9.78872	5.605276	42.73739536099052
8.5265	5.6200504	34.08725038120689
6.23435	5.6299114	9.695297214858371
3.27403	5.644422	-72.39982852079083
1.22067	5.653183	-363.1213425520732
-2.5038	5.6607103	326.08479124042606
-8.69225	5.6711655	165.24392766020242
-10.7218	5.6738596	152.9189187362165
-12.1292	5.6751976	146.78954597076296
-13.2568	5.6755342	142.8122573424392
-12.8707	5.6751165	144.09330176919565
-9.84345	5.6741047	157.64345758242055
-8.10521	5.6726227	169.98735958377816
-6.61205	5.6707115	185.76328776875795
-5.16442	5.6684303	209.75927960974184
-3.91689	5.665763	244.64953766373782
-3.41665	5.6627364	265.7394395117145
-2.64911	5.659324	313.63115307447737
-1.61167	5.65553	450.91116142792856
-0.956555	5.651353	690.8026941120977
-0.901005	5.646838	726.7265735207612
-0.387471	5.6420074	1556.1109603150253
-0.0824713	5.6369143	6935.000868633443
0.0482151	5.6316185	-11580.19736619463
5.51437	5.016051	9.036737691093895
13.8713	5.1648006	62.76628189593865
21.1868	5.3275266	74.85450331450754
21.3766	5.452158	74.49473767331594
20.9302	5.5301504	73.5781298739786
19.6688	5.5774574	71.64312348697396
18.0579	5.5912757	69.03695152066958
13.3226	5.612088	57.87542934706318
9.82257	5.621028	42.77436522248051
6.88961	5.629825	18.285283674309667
3.75706	5.6382513	-50.07083272941694
-1.0757	5.6458435	624.852936059185
-4.58012	5.6521597	223.40636454723312
-8.77692	5.65849	164.47010996528624
-10.9848	5.660348	151.52891921255022
-13.1619	5.660554	143.0071126880373
-14.2426	5.6599894	139.73985916721801
-15.4984	5.659463	136.51644027382508
-13.4042	5.658679	142.2157101772553
-9.55365	5.6577234	159.22054381991606
-7.37687	5.6565166	176.67907874241018
-5.60704	5.6550655	200.85653188692908
-3.39813	5.6523113	266.33595246965683
-1.47474	5.648779	483.03557282603145
-1.16974	5.6458883	582.6618116298717
-0.659363	5.642584	955.7628968724788
-0.116783	5.6388416	4928.478241743884
0.227594	5.634696	-2375.7665117695105
0.303103	5.627819	-1756.7348698174485
0.566659	4.9330707	-770.5536996053418
12.3025	5.247341	57.347358231009885
18.1179	5.4974337	69.6574470275707
21.4589	5.5536466	74.11961484160373
24.018	5.579282	76.77041034996726
24.0516	5.5919666	76.75012579337056
23.2915	5.6024127	75.94653347586619
17.0929	5.6109114	67.17402201079673
12.2153	5.6196585	53.99491906653852
6.97394	5.6285377	19.29185311155679
2.29939	5.6373963	-145.16920337014213
-1.30771	5.6458473	531.7354166645777
-5.95598	5.657033	194.98071949334678
-8.43687	5.663128	167.12356778500094
-10.4269	5.6679277	154.3587048014446
-12.4507	5.671282	145.5499117039134
-13.4872	5.673379	142.06492073384672
-14.5605	5.674515	138.97198356985632
-11.9077	5.67415	147.6511052906073
-7.46254	5.673036	176.02017523104195
-5.2509	5.6712627	208.00555034151583
-3.67093	5.6689177	254.42729218089036
-2.3279	5.6662025	343.40404263861234
-1.71364	5.6630583	430.46956206216686
-0.710343	5.659485	896.7256266331967
-0.0411134	5.6554675	13855.777020800642
0.286558	5.648655	-1871.2081828828686
0.511331	5.6436176	-1003.7111636002192
0.672319	5.6382127	-738.6216635795412
0.778246	5.6324787	-623.7401642255251
0.807498	4.937783	-511.4916566574901
13.482	5.0788403	62.328733692855764
11.3218	5.248561	53.641993340840216
6.17166	5.4522753	11.656259037284432
10.7976	5.534067	48.7472469781235
14.6217	5.5825562	61.82006427878385
24.7889	5.593396	77.43588035045988
24.0991	5.6019974	76.75432962541994
17.8373	5.6148105	68.52207929911862
8.86228	5.628919	36.484525503364225
4.93061	5.6391563	-14.370354495674617
1.51603	5.649535	-272.6532766455609
-5.9991	5.673567	194.57362178359872
-9.48757	5.685343	159.92412075141846
-10.9823	5.6917334	151.826433581202
-11.8058	5.6970177	148.25609795206975
-7.53369	5.702982	175.6997101072814
-4.99814	5.7056947	214.15636291234216
-3.32503	5.707427	271.65039447699934
-2.20607	5.708209	358.75013833458985
-1.0237	5.708072	657.592305393775
-0.25482	5.707057	2339.642540530552
0.262294	5.704004	-2074.660537753919
0.396629	5.7010365	-1337.3725876705403
0.582357	5.6974087	-878.3361133488954
1.00585	5.6932006	-466.008942504463
1.05429	5.6885033	-439.55773083435076
0.997738	5.683412	-469.62971972606204
1.09474	4.907527	-348.28241779003184
19.8637	5.6042004	71.7867259441345
11.7018	5.652527	51.69523758606911
9.92234	5.6652994	42.903597425994256
8.47447	5.6820917	32.950478082349946
7.12853	5.695141	20.10778073088323
6.23732	5.7015376	8.589944748745625
4.80997	5.709079	-18.692609413994198
3.12118	5.7104287	-82.95736258417692
1.12231	5.710372	-408.8051996581062
-3.15875	5.709205	280.74254205564023
-4.61495	5.707143	223.66640174279405
-3.23467	5.7043457	276.350156248284
-2.45263	5.6990433	332.3645708459819
-2.44354	5.6927285	332.9705384454017
-1.95279	5.6880817	391.279754401237
-1.56622	5.683139	462.8570010699928
-0.721274	5.677924	887.2076205461215
-0.331825	5.6724863	1809.4812927270295
-0.632851	5.6668553	995.4485989987453
-0.548873	5.661095	1131.4034407764689
-0.283177	5.6552615	2097.0766197673443
0.0208041	5.649402	-27055.235669501508
-0.379878	4.9608464	1405.9051239660862
-0.119466	5.035364	4314.892947717899
0.101131	5.1815724	-5023.624302900938
8.17649	5.561082	31.986928353094026
2.40252	5.6736917	-136.15586501363168
3.96302	5.688178	-43.5313962227782
4.93616	5.6961136	-15.3956412546593
8.91259	5.7077937	35.958080699132246
9.08444	5.711648	37.12713340694452
9.1424	5.7157707	37.48063031548215
9.02513	5.7142467	36.68516046065239
7.74824	5.7118874	26.281486324557886
4.75621	5.7086573	-20.025344641508166
2.99188	5.702339	-90.59385024321743
-0.274002	5.697196	2179.2535790535135
-3.1338	5.6914062	281.6135896610725
-5.06562	5.682666	212.181044159695
-6.68096	5.6769075	184.97143920389917
-5.10185	5.6708164	211.1521675839338
-3.64866	5.661228	255.1591002607297
-3.07497	5.0905495	265.54794667652504
-2.70771	5.3430915	297.3287831716219
-1.99956	5.5069075	375.40595670856305
-1.28196	5.5857987	535.7233216724042
-1.04239	5.6117125	638.3505594164635
-0.886707	5.633526	735.3311318709573
-0.666417	5.645954	947.2104145905299
-0.513387	5.6640596	1203.2728815812466
11.9611	5.695433	52.38369950475685
11.6245	5.7004385	50.96186188856799
11.2787	5.7053804	49.41455572848062
10.6123	5.7072115	46.22078589996606
8.69325	5.7079177	34.34080596274513
6.55166	5.7061863	12.904725801860533
4.98995	5.7040577	-14.310914691738422
1.18525	5.699467	-380.8662484392912
-5.29597	5.6909857	207.45879828071136
-8.17559	5.685829	169.54641154442456
-9.76653	5.680154	158.1593854241438
-10.5222	5.6740665	153.9247186206589
-8.96599	5.6643734	163.17621763795267
-6.57583	5.653429	185.97286613299067
-5.41831	4.9658613	191.64963187603297
-4.67044	5.032406	207.75015026101565
-3.9483	5.26999	233.47492839833893
-3.32618	5.4618387	264.207566333907
-3.04448	5.5305796	281.65925380644074
-2.49025	5.5771856	323.9608818341949
-2.07164	5.596562	370.15127479431675
-1.73557	5.616146	423.5908800429919
-1.51393	5.6354833	472.24199817870647
16.6689	5.6999044	65.80515450658314
16.1332	5.7019863	64.65681686333998
15.4243	5.7012467	63.03723900830436
14.2415	5.6998425	59.97723208441272
11.0675	5.691759	48.57231488011967
9.86641	5.687867	42.351199500545206
7.51037	5.681016	24.357706258265274
3.8366	5.675832	-47.93910489068795
-0.386968	5.670226	1565.2959519167905
-3.68747	5.664273	253.60864895899942
-8.93239	5.6548357	163.3070831674014
-12.1415	5.648342	146.52095632758545
-12.0414	5.0367937	141.82897111059174
-10.4077	5.18602	149.8286855334939
-9.11233	5.406514	159.33184935883114
-8.00533	5.5256715	169.0249108997561
-6.98155	5.5616517	179.66212456045787
-6.53819	5.594929	185.57306824932914
-5.82547	5.6197615	196.4688084436505
-4.97445	5.6319165	213.21687570898425
-4.3825	5.649444	228.90915874395276
-3.70784	5.660605	252.66582509249085
-3.24657	5.670689	274.6670767392357
-2.83336	5.679288	300.4435637812371
21.6976	5.693518	73.7596884471594
21.6932	5.6951284	73.74694069117255
20.4152	5.695692	72.1007275788989
19.2847	5.6954083	70.46670287240188
17.4468	5.69443	67.36118186783465
15.4705	5.692851	63.201893478576466
12.494	5.6881304	54.473105644806786
9.66078	5.6850348	41.15345987023574
7.32648	5.6814556	22.45313328398225
3.42285	5.6774035	-65.8677308834837
0.102213	5.6729174	-5450.093736353122
-2.73647	5.6680036	307.12828401997734
-7.31629	5.6627035	177.39856662538065
-8.68133	5.6541266	165.12973586608598
-9.29694	5.648101	160.75225766955242
-7.10739	4.973006	169.96950811447516
-6.02926	5.037138	183.54488493804507
-5.14224	5.183942	200.81095624569562
-4.44493	5.340604	220.15045763141336
-3.97529	5.4555535	237.23660942539317
-3.00898	5.561737	284.8379436217536
-2.33578	5.5935154	339.47100588539047
-1.6626	5.6112556	437.49882769647735
-1.34733	5.62259	517.3135231891991
-1.09075	5.6447473	617.5106673600095
-0.715458	5.6552114	890.4323635825303
-0.526864	5.6646595	1175.165439930782
-0.326723	5.6726704	1836.232310392999
29.1315	5.6831684	80.49132944192269
29.2661	5.685627	80.57265232716789
28.4887	5.6868067	80.03838170190122
27.3253	5.687004	79.18777087804851
24.2995	5.6864696	76.598406773786
21.7125	5.684641	73.81857923190049
19.9125	5.6818376	71.46597879191198
17.9469	5.6794977	68.35387780487142
13.3113	5.67677	57.35375138541515
10.0268	5.6719503	43.432099451181685
1.36419	5.6640997	-315.1987367672304
-1.93953	5.6571274	391.6751593135741
-4.57525	5.649336	223.47601014904126
-7.18597	5.640891	178.49866798902275
-9.03915	5.0333657	155.68405344623199
-10.3196	5.1780233	150.17658906826938
-11.177	5.3340654	147.72359639567935
-8.81059	5.451299	161.87212029390253
-6.46571	5.524852	185.44849887278932
-5.39547	5.5745354	203.3187979165225
-4.04659	5.592656	238.2066466077027
-2.96884	5.6133246	289.0746924824712
-2.58943	5.6233788	317.16664716237403
-2.04319	5.6331367	375.703030189877
-1.12525	5.6475554	601.8933857356296
-0.973801	5.6592283	681.148340001971
38.527	5.6697183	85.28377596706095
37.9352	5.6719913	85.0482051106719
36.5097	5.671621	84.4654401372341
33.9982	5.670847	83.32015510034083
32.0889	5.6698036	82.3309513543471
29.8672	5.668539	81.02085603724117
25.9182	5.6670437	78.13488673337307
22.7199	5.6653233	75.06448873135658
16.2823	5.663296	65.21808702864074
7.35011	5.6609325	22.981662869110224
2.70962	5.658167	-108.81772675158844
-1.03144	5.6549463	648.2573859159123
-5.97142	5.651289	194.63895759593868
-8.90939	5.647171	163.3844823896967
-11.1593	5.6401877	150.5424918475386
-13.3213	5.6350746	142.3012450607246
-14.1549	5.0281286	135.52218469032954
-14.2452	5.170272	136.29483486670003
-11.3451	5.3255835	146.94171247961535
-9.19033	5.4444923	159.24153545813485
-7.06536	5.5211716	178.1442349107459
-5.16543	5.572964	207.889636297238
-4.40142	5.5906014	227.01812815782378
-3.31049	5.605244	269.3176713826469
-2.35195	5.6144648	338.71530806576476
-1.70463	5.632873	430.44548564831723
-1.23254	5.6462245	558.0966593950554
-0.634414	5.654152	991.2400959027316
41.8094	5.667655	86.44406251303023
46.226	5.669859	87.7344853290624
45.6681	5.6704674	87.58330745267682
45.1155	5.6697397	87.43283662352776
44.1293	5.6679454	87.15604831888298
42.3973	5.663776	86.64118634560947
40.1124	5.658447	85.89352106112803
36.9707	5.654627	84.70511255723615
11.1131	5.6469307	49.18671956323431
6.08491	5.6414175	7.288397341865802
-0.330269	5.6380353	1807.1039052646597
-3.8771	5.6355276	245.3541983463512
-6.87736	5.6325088	181.8992878601338
-9.39072	5.6289296	159.9413987206511
-11.5475	5.6227474	148.69232851060553
-13.3606	4.967032	137.17671554622703
-15.1329	5.026103	133.2130913065519
-14.9041	5.24712	135.2058813103233
-10.859	5.441127	150.10706989785348
-8.06238	5.5207424	168.47534509626072
-5.5026	5.561574	201.07175269842455
-3.24713	5.5831833	271.9420828300702
-2.30157	5.5970592	343.1844088621269
-1.52604	5.607747	467.47053494588187
31.0992	5.61666	81.93953769953235
-0.564001	5.6254964	1097.426637542171
-0.230138	5.6395473	2550.506685314323
24.9244	5.669297	77.25403143233123
29.9364	5.675665	81.04092341048703
33.4918	5.6888523	83.01419278210102
36.009	5.690853	84.19602516774383
-13.4198	5.691126	142.4084260017283
13.5553	5.684659	58.063199594871506
4.64582	5.675267	-22.15856506487587
-0.776629	5.6705422	830.1481725710363
-4.11359	5.6653385	237.72250804264792
-6.74925	5.659724	183.85707764683042
-10.1689	4.954069	148.7178491632267
-11.8773	4.9958677	142.06232538092212
-13.1104	5.0861053	138.79443970289043
-8.7294	5.4416304	162.33682225882535
-4.02122	5.547102	237.94574006505312
-2.82781	5.575633	297.17142207939753
-1.78481	5.5897975	413.18727382471
-0.760755	5.6041603	836.6577084654335
-0.24361	5.612257	2403.787626793831
-0.0665602	5.620664	8544.481947228423
0.421883	5.6304054	-1234.5893245316277
0.529944	5.646652	-965.518668628954
16.1115	5.6848354	64.7156657708132
12.0694	5.694059	52.82235261423662
14.8553	5.7022123	61.6149633261691
20.4584	5.70928	72.09322424360629
19.9316	5.7152286	71.32578984734685
33.2483	5.7200785	82.7958790441589
27.1109	5.7253027	78.8819129416797
21.8032	5.72744	73.73119569009468
17.1433	5.7285395	66.58438126458468
6.2783	5.727005	8.780956953868474
0.643503	5.7248316	-789.635527870066
-2.77397	5.721879	306.2703993417032
-5.77135	5.7182302	199.07959731639
-8.47108	5.7116647	167.42546724366179
-10.2479	5.706702	155.6865526328573
-34.30945352394492