47.0724	4.0287924	91.44128319648694
62.8952	4.0218973	93.60540003429244
60.1417	4.027176	93.30385430831042
62.0884	4.821652	92.23421553883111
60.7721	4.886555	91.95921346257285
62.2311	4.9409676	92.06029187221462
63.1269	4.9877515	92.09885004766038
63.7617	5.0286217	92.11341338280502
62.5128	5.0636744	91.89977882336716
60.1314	5.0951033	91.52671627877942
58.1081	5.1233506	91.18306746871367
58.2283	5.1455975	91.16306725298851
59.3561	5.156796	91.31210497276804
59.9474	5.167204	91.3804400690786
60.1487	5.1766624	91.39355899028776
59.667	5.1865625	91.30748722008963
58.8902	5.194738	91.17894600061551
57.8709	5.2050037	91.0058324344951
56.5649	5.206242	90.7959853923777
54.9814	5.198723	90.5445789244798
53.2837	5.175738	90.2864489853309
51.3864	5.13513	90.00682670068436
49.5769	5.10924	89.69431038265006
44.8113	5.048484	88.73390197150543
41.3745	5.0141587	87.88103754011703
35.5593	4.9392905	86.10970667554062
29.6933	4.899334	83.50020404242309
24.5477	4.8581877	80.20919863264093
21.3668	4.816101	77.45988634356145
16.8384	4.7733083	71.65224824032067
14.3099	4.730043	66.94565777928423
9.75442	4.6865587	51.95451304431227
7.96376	4.643048	41.69779264562489
6.21745	4.5996785	26.019856831898426
4.37021	4.5566373	-4.2658615743925665
2.68933	4.4720497	-66.28861259723962
1.22283	4.430804	-262.34011013232606
-0.171923	4.390402	2653.702581924406
-1.58474	4.350704	374.537412770184
-2.692	4.3117533	260.1691461195958
-3.60086	4.273583	218.6822812955908
-5.26918	4.2362247	180.39628168395146
-5.82038	4.199693	172.15495507127432
-6.18871	4.129089	166.7196921470974
-6.11342	4.095049	166.98459086430918
-5.15426	4.0618873	178.80640750200732
-5.0613	4.0296483	179.61686646759588
-5.01047	3.9983978	179.80084541675419
-4.71519	3.9681516	184.1567805737389
-4.59739	3.9390292	185.67967020646117
-4.17724	3.911078	193.62828266178343
-4.05611	3.8843513	195.76543398118025
-4.14487	3.8589416	193.10162346006672
-4.00492	3.83489	195.75446908330898
-3.91953	3.987239	201.72747677877334
-3.65924	3.9848924	208.89945996097853
-3.4392	4.006951	216.50822700787865
-3.40092	4.1710944	222.64606408696503
-3.28672	4.3160934	231.31917638406085
-3.19768	4.464559	239.618694901194
71.0632	4.9137545	93.08537021616861
72.8535	5.1311617	92.9568730054307
71.3211	5.1540103	92.77351712345876
71.5343	5.1629786	92.78251272591376
71.6736	5.172296	92.78354279495385
71.3369	5.1799035	92.73881930682215
64.5	5.1855364	91.96041018463845
62.2385	5.1890693	91.66260763035083
60.6915	5.1798296	91.46531473805042
60.3403	5.1545634	91.457510528613
59.8177	5.1351995	91.41524908310141
59.0754	5.112123	91.34644628897536
58.0205	5.085657	91.23472704242009
56.869	5.0563316	91.10880852371436
55.5488	5.0243697	90.955037449049
53.9509	4.990091	90.75068382344362
52.2328	4.953941	90.51565033888953
50.1611	4.916099	90.19937820883656
47.8846	4.876976	89.81514756114261
42.2232	4.836815	88.54465156665832
36.1968	4.7958245	86.75069613840523
30.3837	4.7123256	84.49061128102666
28.0194	4.670247	83.33209101147803
25.0163	4.6281905	81.49929862929642
22.3582	4.586299	79.48716855016868
19.9407	4.544705	77.2089028156795
17.2832	4.503545	73.94264379772869
14.8007	4.462913	69.8466119648634
12.7668	4.422871	65.35646629257128
10.687	4.3835263	58.98263111660651
8.63561	4.3449297	49.685894998538394
6.42148	4.3071175	32.92640727358055
4.54602	4.2701178	6.0690949311888
1.71851	4.233799	-146.36451247916625
0.399384	4.1981506	-951.1564533158204
-0.750389	4.128945	650.2406223375499
-1.8679	4.095491	319.2564260788492
-3.0463	4.062867	233.3705561540217
-4.00398	4.0310817	200.67686441096802
-4.78023	3.9704962	183.06078613097088
-5.43788	3.9417486	172.4868711242425
-6.07996	3.9141684	164.37819396734272
-6.40268	3.887858	160.72235317756767
-6.13526	3.8627772	162.96028476269478
-5.14336	3.95157	176.82857907841054
-5.12487	3.972806	177.52012513269204
-5.31191	4.0289173	175.8468737957122
-4.94723	4.1417727	183.71902786799117
-4.62299	4.4362364	195.96033589293904
-4.35982	4.767315	209.3465912664104
-4.09296	4.837793	218.19790602010193
-4.09159	4.900393	219.7674638134993
-3.7453	4.9544435	232.28428014211283
-3.48544	4.999937	243.45211144815357
-3.47442	5.037421	244.9859443370219
80.6403	5.1415772	93.62405785981323
79.7575	5.1496863	93.54331725491978
79.2031	5.164757	93.47909786713795
78.9035	5.169359	93.44850725775572
75.8949	5.1715055	93.18595984436999
71.9466	5.170797	92.81300419875114
68.0742	5.1595783	92.42065841184352
66.2882	5.1485586	92.23306781460195
64.9451	5.113024	92.12715700845958
64.2027	5.089557	92.07267322751181
61.5777	5.0627756	91.77823379366846
60.0316	5.0332966	91.61559145866117
56.1463	5.001276	91.09242461960581
54.3614	4.9672003	90.86263198207223
49.9809	4.893878	90.20850173707562
47.1429	4.8552637	89.70096683764048
44.4914	4.7754297	89.26662547712223
41.5166	4.734654	88.59575857678827
35.8882	4.652424	87.03634061503362
32.7284	4.6113243	85.91032820587178
27.1599	4.57042	83.17217957514286
24.6654	4.5298333	81.63486940267201
21.5659	4.489706	79.18145835631003
19.4169	4.4501023	77.08129666972101
16.9835	4.411093	74.02718590964197
14.2084	4.3727674	69.22406802739079
10.3186	4.335161	57.9869232768408
8.18451	4.2983108	47.48237053460577
4.39485	4.2622576	3.0169905219543547
2.90314	4.1926064	-44.41626483207371
0.260119	4.125991	-1486.1936413751146
-1.07836	4.0935273	479.6067716132068
-2.20572	4.0618014	284.1485560116998
-3.1632	4.000693	226.47613078109674
-4.11525	3.9715056	196.50702958933664
-5.10401	3.9161682	176.727272387549
-5.83398	3.8901882	166.68155595912395
-6.41699	3.8654606	160.23791514603522
-6.8792	3.8420568	155.8503355715863
-7.24383	3.9132729	154.02214395724744
-7.02392	3.9175472	155.77437090586784
-5.76585	3.9374957	168.28995099514847
-5.5691	3.99409	171.71878089079186
-5.4466	4.107737	175.4183640701544
-5.16247	4.2543683	182.40954311667574
-4.87086	4.4067965	190.472655036244
-4.68145	4.5474634	197.13792785936275
-4.41509	4.6631145	205.61766432321016
-4.09712	4.8285146	217.8514371558758
-3.94632	4.949588	225.42288074491728
-3.88686	4.994313	228.49221281026817
87.8895	5.1498804	94.14050682764788
88.6901	5.151664	94.19138704367022
87.4936	5.1377707	94.12783144274732
86.8909	5.109513	94.1196231720462
706.003	5.089047	99.27917440013113
86.5497	5.038	94.1790645862456
79.8395	5.008273	93.72707715244827
72.4899	4.9761586	93.13537715931427
68.0946	4.8306146	92.90602159368402
66.302	4.7913694	92.7734152051198
64.3906	4.7111363	92.68350394351528
58.2983	4.5894547	92.12763576759114
53.1051	4.509311	91.50870296008608
46.5494	4.4699078	90.39749247827069
43.5539	4.43105	89.82628610346634
40.1078	4.3928094	89.04748983238474
37.0941	4.3552885	88.25880841579944
30.5663	4.3184657	85.8718056622602
27.9254	4.247159	84.79105730283112
19.4895	4.179057	78.55739187018031
16.7936	4.146244	75.31057052252761
14.2139	4.114276	71.05455895639624
11.572	4.083166	64.71512027941702
7.90652	4.0235543	49.11093146962935
6.0143	3.9944558	33.584026386950946
-2.85243	3.9389248	238.09015059312725
-0.410301	3.8874078	1047.4527211604036
-4.83768	3.8826587	180.25869979842983
-5.59313	3.9605308	170.81064011831901
-6.30791	4.076739	164.62900284730577
-6.90633	4.383604	163.47226357160335
-8.26024	4.651276	156.30922119741768
-8.45035	4.8246317	157.0938694935488
-7.57952	4.8912683	164.5326957990252
-7.02713	4.990851	171.02259896206544
-6.68879	5.0265307	175.14858232193842
-6.212	5.055982	181.39057753792974
-6.18233	5.1025124	182.53380604176414
-5.87576	5.1185794	187.11347710771685
-5.36947	5.129147	195.52426847782021
-4.92485	5.1328154	204.22276612898776
94.0911	4.982615	94.70448058086832
95.3946	4.916513	94.84613223384922
93.9602	4.805309	94.88580738287715
94.7057	4.7263117	95.00947615236795
94.1365	4.6860757	95.0220441297551
87.9492	4.564864	94.80965724406944
84.0614	4.5247955	94.61727325664978
76.4594	4.485176	94.13391120017131
75.0058	4.446022	94.0724288893681
73.7346	4.407494	94.0224890142222
70.3123	4.369613	93.78542083560565
44.6098	4.296059	90.36969722830763
58.2017	4.260441	92.6798685422894
51.4879	4.225637	91.79295417642298
40.6914	4.1585026	89.78039386122029
34.4589	4.1261835	88.02578578518296
30.5253	4.094721	86.58581253942752
28.13	4.0641217	85.5523591625051
25.1011	4.03443	83.92728046962183
22.0474	4.005618	81.83179318753128
16.5136	3.9777675	75.91216881911765
14.3862	3.9508848	72.53698104822372
12.0465	3.925025	67.41771536006598
9.83599	3.9002476	60.34717814016448
5.7602	3.8760972	32.708982563349466
3.99175	3.8528905	3.47866250029192
2.45314	3.8308911	-56.16275877217067
13.3819	4.0978556	69.37762485997123
13.3819	4.0864677	69.46272357654918
19.7628	4.1606545	78.94704180391085
52.6391	4.549325	91.35751919845926
60.9571	4.7940674	92.13534208560974
59.1788	4.9282904	91.67220114111915
58.9037	5.0187	91.4798230091705
58.3393	5.0840645	91.28535200748406
54.8143	5.1732078	90.56230531329423
49.876	5.1961746	89.58181353995742
46.2316	5.217153	88.71518301702477
42.3392	5.2303777	87.64648998415798
37.2946	5.2324085	85.9700696236998
31.4321	5.219904	83.39307937820584
25.9571	5.1910973	80.00124329524382
21.051	5.145867	75.55524085043953
16.1171	5.085748	68.44501338579565
11.5485	5.013269	56.58943654062767
7.44372	4.931307	33.75211682924411
4.00101	4.79881	-19.93996705410235
-0.511669	4.7080235	1020.1307700578527
-3.06085	4.5727673	249.39535220653156
-5.60508	4.4850655	180.01785667951685
-5.98195	4.4002533	173.55884683833267
-4.75255	4.3187113	190.87145147599736
-4.54094	4.2406006	193.3859572798227
-4.55176	4.1659756	191.52448533810866
-3.85346	4.027631	204.51985923289612
-3.65825	3.964457	208.37031838174775
-3.2553	3.9058552	219.98449067133217
-3.06444	3.8523426	225.71113652459744
-2.98498	4.0864677	236.90100427207406
43.8533	4.2696486	90.26378931093481
55.72	4.549325	91.83538417807105
60.9571	4.7940674	92.13534208560974
59.1788	4.9282904	91.67220114111915
58.9037	5.0187	91.4798230091705
58.3393	5.0840645	91.28535200748406
56.0717	5.137032	90.83845958121923
51.6199	5.1961746	89.93377622433951
46.2316	5.217153	88.71518301702477
42.3392	5.2303777	87.64648998415798
37.2946	5.2324085	85.9700696236998
31.4321	5.219904	83.39307937820584
25.9571	5.1910973	80.00124329524382
21.051	5.145867	75.55524085043953
16.1171	5.085748	68.44501338579565
11.5485	5.013269	56.58943654062767
7.44372	4.931307	33.75211682924411
4.00101	4.8437557	-21.063326343870603
-0.511669	4.7080235	1020.1307700578527
-3.06085	4.6174874	250.85637438771286
-4.90926	4.442266	190.4875001262692
-4.75004	4.359055	191.7687959591855
-4.77247	4.279224	189.66476313608453
-4.43783	4.2028484	194.70503515492535
-4.23464	4.0949073	196.70025416961127
-3.85346	4.027631	204.51985923289612
-3.65825	3.964457	208.37031838174775
-3.2553	3.9058552	219.98449067133217
-3.06444	3.8523426	225.71113652459744
-2.98498	4.0978556	237.2825084900743
52.6391	4.7940674	90.89257327184879
59.1788	4.9282904	91.67220114111915
58.9037	5.0187	91.4798230091705
58.3393	5.0840645	91.28535200748406
56.0717	5.137032	90.83845958121923
53.3383	5.1732078	90.30114112005057
44.5107	5.2249446	88.2613730140168
40.2062	5.2330103	86.98457107497343
34.4893	5.228116	84.84134176101017
25.9571	5.1910973	80.00124329524382
21.051	5.145867	75.55524085043953
13.8657	5.0508633	63.572965299424176
9.08824	4.9732175	45.27853943089559
5.77193	4.8880305	15.313762560808419
2.3213	4.79881	-106.7294164337396
-0.511669	4.6626353	1011.260147936118
-4.0045	4.5727673	214.19070748013377
-5.60508	4.4850655	180.01785667951685
-4.75004	4.359055	191.7687959591855
-4.77247	4.279224	189.66476313608453
-4.43783	4.2028484	194.70503515492535
-4.23464	4.129985	197.52859126616823
-3.91944	4.060781	203.60614606818055
-3.77763	3.9954872	205.76702532464046
-3.31666	3.9345345	218.6294234523847
-3.20493	3.8784137	221.01398026297437
-3.06294	3.8276258	224.96575633298644
19.7628	4.1606545	78.94704180391085
52.6391	4.4034824	91.6345822719056
58.6172	4.6872516	92.00362328955984
60.367	4.8704643	91.93190935748068
58.715	4.9772983	91.52295201628661
58.8346	5.053769	91.41021051683585
57.4023	5.111537	91.09523873764103
54.8143	5.160571	90.58535454902277
51.6199	5.185059	89.95531060911345
44.5107	5.2249446	88.2613730140168
40.2062	5.2330103	86.98457107497343
34.4893	5.228116	84.84134176101017
23.6758	5.170474	78.16135068103941
18.2264	5.1175346	71.92240633335507
13.8657	5.0508633	63.572965299424176
9.08824	4.9732175	45.27853943089559
5.77193	4.8880305	15.313762560808419
2.3213	4.79881	-106.7294164337396
-0.511669	4.7080235	1020.1307700578527
-3.06085	4.6174874	250.85637438771286
-4.90926	4.4850655	191.35930153318006
-4.75004	4.3187113	190.91947081359578
-4.54094	4.2406006	193.3859572798227
-4.55176	4.1659756	191.52448533810866
-3.85346	4.027631	204.51985923289612
-3.65825	3.964457	208.37031838174775
-3.2553	3.8784137	219.1415114915952
-3.06294	3.8276258	224.96575633298644
13.3819	4.0864677	69.46272357654918
19.7628	4.1606545	78.94704180391085
52.6391	4.4034824	91.6345822719056
58.6172	4.6872516	92.00362328955984
60.367	4.8704643	91.93190935748068
58.715	4.9772983	91.52295201628661
58.8346	5.053769	91.41021051683585
57.4023	5.111537	91.09523873764103
54.8143	5.160571	90.58535454902277
51.6199	5.185059	89.95531060911345
44.5107	5.2249446	88.2613730140168
40.2062	5.2330103	86.98457107497343
31.4321	5.219904	83.39307937820584
25.9571	5.1910973	80.00124329524382
21.051	5.145867	75.55524085043953
16.1171	5.085748	68.44501338579565
11.5485	5.013269	56.58943654062767
7.44372	4.931307	33.75211682924411
4.00101	4.8437557	-21.063326343870603
-0.511669	4.7080235	1020.1307700578527
-3.06085	4.6174874	250.85637438771286
-4.90926	4.442266	190.4875001262692
-4.75255	4.3187113	190.87145147599736
-4.54094	4.2406006	193.3859572798227
-4.23464	4.129985	197.52859126616823
-3.91944	4.060781	203.60614606818055
-3.77763	3.9954872	205.76702532464046
-3.31666	3.9345345	218.6294234523847
-3.20493	3.8523426	220.20052741869767
-2.98498	4.0978556	237.2825084900743
52.6391	4.549325	91.35751919845926
60.9571	4.7940674	92.13534208560974
59.1788	4.9772983	91.58938868654367
58.8346	5.053769	91.41021051683585
57.4023	5.111537	91.09523873764103
54.8143	5.160571	90.58535454902277
51.6199	5.185059	89.95531060911345
46.2316	5.217153	88.71518301702477
42.3392	5.2303777	87.64648998415798
23.6758	5.170474	78.16135068103941
18.2264	5.1175346	71.92240633335507
13.8657	5.013269	63.84409363900727
7.44372	4.8880305	34.33349698269357
-0.511669	4.7080235	1020.1307700578527
-3.06085	4.6174874	250.85637438771286
-4.90926	4.528591	192.24590557550394
-5.98009	4.442266	174.28425668506847
-4.75004	4.359055	191.7687959591855
-4.77247	4.279224	189.66476313608453
-4.23464	4.129985	197.52859126616823
-3.91944	4.060781	203.60614606818055
-3.77763	3.9954872	205.76702532464046
-3.31666	3.9345345	218.6294234523847
-3.20493	3.8784137	221.01398026297437
-3.06294	3.8276258	224.96575633298644
13.3819	4.0864677	69.46272357654918
43.8533	4.2696486	90.26378931093481
55.72	4.549325	91.83538417807105
60.9571	4.7940674	92.13534208560974
59.1788	4.9282904	91.67220114111915
58.9037	5.0187	91.4798230091705
57.4023	5.111537	91.09523873764103
53.3383	5.1732078	90.30114112005057
49.876	5.1961746	89.58181353995742
44.5107	5.2249446	88.2613730140168
37.2946	5.2324085	85.9700696236998
23.6758	5.170474	78.16135068103941
18.2264	5.1175346	71.92240633335507
13.8657	5.0508633	63.572965299424176
9.08824	4.9732175	45.27853943089559
5.77193	4.8880305	15.313762560808419
2.3213	4.79881	-106.7294164337396
-0.511669	4.7080235	1020.1307700578527
-3.06085	4.6174874	250.85637438771286
-4.90926	4.528591	192.24590557550394
-5.98009	4.442266	174.28425668506847
-4.75004	4.359055	191.7687959591855
-4.77247	4.279224	189.66476313608453
-4.43783	4.2028484	194.70503515492535
-4.23464	4.129985	197.52859126616823
-3.85346	4.027631	204.51985923289612
-3.65825	3.964457	208.37031838174775
-3.2553	3.9058552	219.98449067133217
-3.06444	3.8523426	225.71113652459744
13.3819	4.0864677	69.46272357654918
19.7628	4.1606545	78.94704180391085
52.6391	4.4034824	91.6345822719056
58.6172	4.6872516	92.00362328955984
60.367	4.9282904	91.83611696214187
58.8346	5.053769	91.41021051683585
56.0717	5.137032	90.83845958121923
53.3383	5.1732078	90.30114112005057
49.876	5.1961746	89.58181353995742
46.2316	5.217153	88.71518301702477
40.2062	5.2330103	86.98457107497343
31.4321	5.219904	83.39307937820584
25.9571	5.1910973	80.00124329524382
21.051	5.145867	75.55524085043953
16.1171	5.085748	68.44501338579565
9.08824	4.9732175	45.27853943089559
4.00101	4.8437557	-21.063326343870603
-0.511669	4.7080235	1020.1307700578527
-3.06085	4.6174874	250.85637438771286
-4.90926	4.4850655	191.35930153318006
-5.98195	4.4002533	173.55884683833267
-4.75255	4.3187113	190.87145147599736
-4.54094	4.2406006	193.3859572798227
-4.55176	4.1659756	191.52448533810866
-3.91944	4.060781	203.60614606818055
-3.77763	3.9954872	205.76702532464046
-3.31666	3.9345345	218.6294234523847
-3.20493	3.8784137	221.01398026297437
-3.06294	3.8276258	224.96575633298644
13.3819	4.0864677	69.46272357654918
52.6391	4.4034824	91.6345822719056
58.6172	4.6872516	92.00362328955984
60.367	4.8704643	91.93190935748068
58.715	5.0187	91.45244037647356
58.3393	5.0840645	91.28535200748406
56.0717	5.137032	90.83845958121923
53.3383	5.1732078	90.30114112005057
49.876	5.1961746	89.58181353995742
46.2316	5.217153	88.71518301702477
37.2946	5.2324085	85.9700696236998
31.4321	5.219904	83.39307937820584
25.9571	5.1910973	80.00124329524382
21.051	5.145867	75.55524085043953
16.1171	5.085748	68.44501338579565
11.5485	5.013269	56.58943654062767
7.44372	4.931307	33.75211682924411
4.00101	4.8437557	-21.063326343870603
0.900839	4.753486	-427.6732499336689
-3.06085	4.5727673	249.39535220653156
-5.60508	4.4850655	180.01785667951685
-5.98195	4.4002533	173.55884683833267
-4.75255	4.3187113	190.87145147599736
-4.54094	4.2406006	193.3859572798227
-4.55176	4.1659756	191.52448533810866
-3.77763	3.9954872	205.76702532464046
-3.31666	3.9345345	218.6294234523847
-3.06444	3.8523426	225.71113652459744
-2.98498	4.0978556	237.2825084900743
19.7628	4.1606545	78.94704180391085
55.72	4.6872516	91.58784647884006
60.367	4.9282904	91.83611696214187
58.9037	5.0187	91.4798230091705
58.3393	5.0840645	91.28535200748406
56.0717	5.137032	90.83845958121923
53.3383	5.1732078	90.30114112005057
44.5107	5.2249446	88.2613730140168
40.2062	5.2330103	86.98457107497343
34.4893	5.228116	84.84134176101017
23.6758	5.170474	78.16135068103941
18.2264	5.1175346	71.92240633335507
13.8657	5.0508633	63.572965299424176
9.08824	4.931307	45.73969197383761
4.00101	4.8437557	-21.063326343870603
0.900839	4.753486	-427.6732499336689
-1.94805	4.6626353	339.34885005153774
-4.0045	4.5727673	214.19070748013377
-5.98009	4.442266	174.28425668506847
-4.75255	4.3187113	190.87145147599736
-4.54094	4.129985	190.95001271127575
-3.85346	4.027631	204.51985923289612
-3.65825	3.964457	208.37031838174775
-3.2553	3.9058552	219.98449067133217
-3.06444	3.8523426	225.71113652459744
-2.98498	4.003074	234.10723108800906
41.388	4.196191	89.86133702796486
60.626	4.493322	92.58845956223287
68.343	4.895299	92.83716278474733
66.8257	5.091981	92.380206914551
63.8736	5.140938	91.95138867280922
60.5514	5.173322	91.45631507121507
54.5007	5.1919255	90.47365471008955
49.7869	5.2025986	89.55026599956771
40.0571	5.1967835	87.02655663493046
34.1429	5.1744986	84.844580483726
28.4855	5.1363144	81.96867061641935
22.857	5.083119	77.76121817966828
17.298	5.0170274	70.9964920575658
13.0714	4.899775	62.51530311922439
6.48051	4.8144503	25.70877771167824
3.10721	4.7268815	-52.12623621886774
0.415606	4.639143	-1016.235821602543
-2.03998	4.552747	323.1760565553132
-3.87519	4.4687157	215.3160337091959
-5.56077	4.387641	178.90347785672512
-6.36657	4.2721634	167.10305418837277
-5.14938	4.1993055	181.549736906999
-4.92383	4.096264	183.192633754341
-4.28594	3.9714766	192.66290235226631
-3.92946	3.8890219	198.9708974082827
-3.26727	3.997097	222.33751442287624
72.3989	4.329396	94.02007636043703
71.8604	4.6235766	93.56589516000088
72.5358	4.816044	93.36046444605535
65.3499	4.981135	92.37774445563399
64.5723	5.0532703	92.17424787806543
63.4264	5.108331	91.94605111611641
60.7659	5.1537237	91.51872234361888
55.7054	5.1725593	90.7144406744005
51.0771	5.1868806	89.84499484859654
45.609	5.192162	88.6159279351857
39.6599	5.1851907	86.9258570466032
33.7366	5.1632977	84.69526327174135
28.0977	5.125432	81.75853202778549
22.2727	5.0709624	77.23238290602741
17.4117	4.967193	71.47209172783334
8.53926	4.8467355	43.241738415287
3.14403	4.717979	-50.06150746135328
0.130453	4.630866	-3449.834617484182
-2.29804	4.5445075	297.75581257097707
-4.4064	4.460028	201.21704714404703
-6.29313	4.3385887	168.94166764537627
-6.46229	4.2248764	165.37738987119923
-5.41444	4.153191	176.7058180324554
-5.00782	4.0848045	181.56851542920694
-4.40506	4.0201735	191.26264331982404
-4.16681	3.931151	194.34438710643118
-3.55831	3.8526073	208.27070198170352
62.8922	5.149283	91.81252313591474
78.0548	5.1402316	93.41459059062738
81.0552	5.0666227	93.74917345683156
74.6324	4.99983	93.30072177904847
68.5023	4.9236093	92.81248813167737
64.0363	4.798452	92.50667134019892
60.3454	4.7114425	92.19254342116866
50.9461	4.5803638	91.00939153801654
42.1652	4.4946227	89.34044815718379
36.1242	4.4113684	87.78832622895112
30.2109	4.2924104	85.79184999859841
21.8448	4.217511	80.69329109216852
16.5692	4.1121078	75.18221698939097
11.9807	4.0466447	66.22363598705181
2.6765	3.8738985	-44.737470108600036
-0.250619	3.825718	1626.5075490720003
-3.62606	3.9750848	209.62545495048326
-5.3726	4.0572443	175.51732428733808
-7.086	4.4735975	163.1328968584264
18.9872	4.735481	75.05961217953902
-5.91337	4.8862195	182.63002171719012
-5.44869	4.9869146	191.52501270923418
-4.73745	5.10552	207.76936198164236
-4.36755	5.1468678	217.84336468613282
-3.80136	5.171564	236.04511247731836
71.3165	5.16559	92.75681148393662
82.3607	5.1364474	93.76347707708865
83.4258	5.091786	93.89662495452586
69.9728	4.9603167	92.91107482711341
56.0853	4.7505646	91.52975104447056
50.1244	4.6176567	90.78760721900794
43.4481	4.5300093	89.5737440427321
37.3675	4.444544	88.1058623272782
31.2147	4.3620796	86.025559999934
24.8135	4.28304	82.73907676130065
19.7896	4.171393	78.92129016090868
14.3832	4.0683246	71.71474268655402
10.2062	4.004597	60.763091787909076
4.36047	3.9171467	10.166866275148262
-2.73479	3.9826899	245.63054175038474
-4.68646	3.9757085	184.83393583313517
-6.19121	4.176209	167.45383593291018
-7.39981	4.478098	160.51639182741968
-6.51302	4.825909	174.0963348664849
59.1141	4.944672	91.6353771554916
-5.65314	5.0545044	189.41056357499738
-4.70236	5.124444	208.97600015575622
-4.38267	5.16051	217.74809938935658
68.1901	5.178036	92.40647012865452
81.3539	5.1385784	93.68367035167057
63.6294	4.924778	92.26021601234767
82.3632	4.752186	94.2302025777571
32.7618	4.6622343	85.76929404845588
76.8984	4.572534	94.05379995906432
70.7982	4.4415526	93.72646331299566
52.4443	4.239301	91.91656739738605
39.3513	4.1650076	89.41582966635248
26.7923	3.9663134	85.19606594517316
13.5063	3.8324618	71.62463207107392
9.18422	3.978311	56.68319219451249
5.46578	4.061927	25.68440361241819
2.32411	4.3281264	-86.22726000674598
-4.76764	4.6312356	197.1389611166353
-3.8672	4.830141	224.90021708717495
-5.45193	4.945848	190.71736925249482
-6.99168	5.0234838	171.84944350994394
-6.01353	5.1006165	184.81901052755444
-5.11764	5.150208	200.63638665063928
-4.29364	5.182424	220.70002096748973
-3.7468	5.1716194	238.02762392478425
26.1168	4.846102	81.44450428968668
64.3554	4.756474	92.60905295446184
71.4869	4.6195073	93.5379673553626
80.92	4.356744	94.61598744751491
77.2912	4.275855	94.4678616863257
75.0574	4.125996	94.50287479350318
63.5614	3.962194	93.76635434371369
55.7702	3.904738	92.99851988632147
39.0865	3.9909592	89.78941745847351
32.2748	4.003723	87.59489376991944
26.7633	4.488136	83.23025822216404
13.5715	5.021726	62.99800523500204
8.96817	5.075436	43.40611271518942
5.25266	5.1207876	2.5105790628694185
0.735223	5.1406674	-599.1984269146441
-3.99195	5.175975	229.6603113862064
-5.5931	5.1845293	192.69510138512194
-6.77519	5.174605	176.3757914835118
-7.34109	5.077883	169.17069027582426
-4.88172	5.011779	202.66420934605583
-4.56179	4.890977	207.21616822067475
-4.12908	4.8022513	216.30319651408635
-3.79522	4.710591	224.11904884853953
41.8881	4.312182	89.70546906148361
67.4295	4.1947384	93.77907222113664
74.7048	3.9010897	94.77798970312432
70.3912	3.8255997	94.56522999702482
65.5112	4.073124	93.78255331161598
48.2467	4.6374607	90.38802117368986
23.7294	4.9487667	79.14499913190537
17.8933	5.022611	71.93020924095126
11.3225	5.0728903	55.1963773095174
7.0935	5.1159115	27.87888370026972
3.52582	5.1346335	-45.62948524180604
-0.874294	5.1708813	691.4350542489174
-3.14726	5.1793666	264.56749389135996
-6.55578	5.1068497	177.8984376949081
-7.41356	5.0141926	167.6354226524088
-6.44443	4.893345	175.93137791344978
-5.85485	4.80419	182.0548910250511
-4.87275	4.711886	196.6987043709316
-4.01291	4.572629	213.94796048614955
63.3108	4.393973	93.05967639290729
70.6334	4.3098893	93.8982255571658
79.1029	4.118186	94.79388609856605
77.315	4.0492716	94.76263273359969
73.8942	3.9850307	94.60711266092548
70.3028	3.9257908	94.41588569777798
66.165	3.8719234	94.14807632369389
45.2437	4.0045986	91.14882140210874
32.7965	4.016143	87.75435288271835
26.7293	4.1937294	84.31036550909525
21.4467	4.6374106	78.37704027668549
11.7213	4.837413	58.72972466766265
7.80035	4.996902	35.94003002716627
4.31442	5.0607786	-17.299158542859495
-0.297375	5.109289	1818.130134856326
-2.7959	5.1496754	284.18668091316897
-4.63875	5.167995	211.40922377542154
-6.31503	5.1839094	182.08843561762538
-7.63331	5.1643677	167.6556861975395
50.5341	5.0645914	89.97787534296842
-4.87396	4.9911227	202.4038503399963
-4.42351	4.906872	210.9270971705355
-4.01423	4.8165565	219.9870522483355
-3.52501	4.7236023	234.00251769297512
71.4331	4.1220098	94.22955268352821
77.749	3.9874692	94.87135203538672
76.6137	3.9281216	94.87281853025783
73.9316	3.874538	94.75929849067573
70.4323	3.8057508	94.59658684823232
56.6225	4.07759	92.79863862689362
49.9868	4.329905	91.33790047726832
34.5012	4.7465677	86.24231462018604
28.777	4.957937	82.77118126631987
22.7767	5.044106	77.85409766738823
13.2011	5.1775026	60.779764602227786
8.59605	5.2011976	39.493168776290794
4.81009	5.2220387	-8.564261278078094
1.75389	5.2372704	-198.60882057238183
-3.35184	5.242837	256.4166822442803
-5.38621	5.217757	196.8725269905781
27.1461	5.18019	80.91736487531877
-7.77071	5.1253996	165.9579317099033
-8.1463	5.053024	162.02844410832807
-6.15891	4.8725266	179.1134678468927
-5.01349	4.7721167	195.18550937217253
-4.65652	4.6691227	200.27064860431133
-3.9519	4.566092	215.54168901394652
-3.4538	4.4650407	229.27906923285448
70.9576	3.9521365	94.43028937520396
79.7288	3.918467	95.08525807081635
79.9827	3.8561578	95.17876295417595
72.7051	3.8276339	94.73539453847133
67.4643	3.8009524	94.36597905092358
61.0302	3.776165	93.81262891280986
19.8701	5.1266084	74.19938556229785
63.9629	5.1444807	91.95708481114347
69.8129	5.160261	92.60843869351193
75.3165	5.167861	93.13847285887881
74.8962	5.1643634	93.10464362350442
73.4791	5.1471996	92.99501311019678
70.3895	5.114939	92.73338129151743
66.3571	5.067833	92.36278734789695
61.8645	5.007574	91.90558022006847
55.817	4.898048	91.22480913870689
49.0573	4.8166957	90.18148958206082
42.4144	4.6900654	88.94228451578785
36.0519	4.564232	87.33982951053082
29.7607	4.443403	85.06956082921056
23.3141	4.3294973	81.42970848386888
15.8224	4.2576175	73.09120631687477
11.3213	4.1889095	62.99974653033385
5.77213	4.0916386	29.11388766029075
1.05342	4.030876	-282.6466405491536
-1.55964	3.9736876	354.7823473583583
-4.29668	3.9205055	191.24500834610413
-6.14696	3.8718529	162.98808737091588
-6.76207	3.903276	157.7230916469109
-5.43605	3.933866	172.3662598529871
-5.07106	4.271578	184.234414163936
-4.49957	4.56547	201.4646022660196
-4.30336	4.765065	210.72894690187042
-4.02041	4.8958416	221.774694650753
-3.60068	4.988336	238.5387118968992
76.3598	5.1449723	93.26219607235035
75.0251	5.1460366	93.14091658370357
75.1358	5.12279	93.18196218598322
73.394	5.087536	93.06818014078736
66.6248	5.0384483	92.43757848423033
64.2938	4.9780774	92.25729867047058
64.1485	4.9087167	92.34788308187656
63.043	4.8330116	92.33378537927082
60.2389	4.753135	92.10952434086032
55.6928	4.6709394	91.61302625227808
50.0853	4.5881696	90.83929005699429
40.7646	4.506153	88.9459157352079
34.6268	4.425898	87.21828892760858
28.4991	4.3482194	84.7426095602278
22.6905	4.2736034	81.16567113781134
17.9723	4.2024245	76.61721036127693
12.8014	4.1347733	67.70061716093751
9.14233	4.0701795	55.479846090744125
5.43109	4.0090637	26.183071709379806
2.17436	3.9519348	-81.75163024879475
-0.440148	3.8993058	985.9078621613123
-2.79098	3.851429	237.99558166475444
-4.55685	3.8876953	185.31542241765132
-6.0063	3.9701543	166.09982562889982
-6.78495	4.2427487	162.5317633175068
-6.4604	4.6651115	172.21086913247066
-5.88353	4.828937	182.07550465176234
-5.31514	4.9852242	193.7929007587567
-4.8094	5.0459776	204.91905497527623
-4.6661	5.091834	209.1239904344388
-4.39179	5.108685	216.32352907646057
-3.80166	5.1221576	234.73476038546238
90.745	5.1325636	94.34397424140936
89.2731	5.1222825	94.26223147635064
88.2929	5.0980763	94.22595037453144
78.2915	5.057286	93.54043623632955
73.6715	5.0018945	93.21054680424773
70.1392	4.9355273	92.96324436803602
66.3845	4.86129	92.67707057998892
61.2142	4.7817807	92.18844595556722
55.0073	4.699229	91.45707918690326
48.7036	4.5738335	90.60883940192163
42.2323	4.4913116	89.36522486248688
35.8621	4.3332896	87.91679723741026
29.7519	4.258961	85.68507972913405
23.7944	4.1881533	82.39857931604334
13.5947	4.027456	70.37480543772618
9.78823	3.9701114	59.43994579734039
5.93456	3.9164715	34.005695472981216
2.45608	3.8435483	-56.491171325158376
-1.34031	3.8733516	388.98924562863243
-5.11865	3.8918161	176.0320727755991
-6.53396	4.0783234	162.41733841349742
-7.6186	4.395192	157.69028704488264
-7.35008	4.671098	163.55166506803613
-6.7861	4.8388567	171.30540787632603
-6.17635	4.9492598	180.13244296865258
-5.48997	5.0197577	191.43505486089046
-5.07912	5.069235	199.8053829407492
-4.55139	5.096961	211.9869162323099
72.9134	5.122776	92.9741584749456
98.4019	5.112998	94.80396323881389
97.5251	5.089626	94.78121790122829
97.5662	5.026218	94.84840591679969
75.3539	4.814686	93.6105733180814
84.4642	4.731291	94.39846400813954
80.0697	4.6457267	94.19789390957281
67.4053	4.4754195	93.36043555213178
60.0455	4.3933296	92.68333264720816
52.2682	4.3143806	91.74568733512653
45.4905	4.2027354	90.76128912369596
38.5553	4.133107	89.28005733824568
28.5729	4.0674167	85.76477349213431
22.4611	4.0057626	82.16577920420922
12.5259	3.895349	68.90163950152721
8.31027	3.847227	53.70515093614262
4.65605	3.8043175	18.29303150358264
1.45424	3.887134	-167.2966146787344
-3.37922	4.4023943	230.2784158240364
-5.13011	4.682939	191.28341738996266
-7.1075	4.8478165	168.2070547343975
-8.20995	4.953872	160.33984929531638
-8.66081	5.019497	157.95643415561142
-7.25553	5.0829787	170.05661625180264
-6.62854	5.0954204	176.87093699931862
-6.37305	5.107021	180.13464015463978
-5.83987	5.118862	187.6537088999473
-5.20458	5.1175933	198.32865390508937
101.448	4.9739127	95.09707909879167
71.199	4.8621335	93.17105997034996
86.9667	4.735279	94.5550618529035
103.272	4.558568	95.58585994101094
79.3407	4.471404	94.36429836343524
92.0626	4.3868146	95.23496189429717
85.2001	4.266384	94.99250851679378
45.9484	4.119749	91.03397008758003
52.8258	3.9900117	92.44684797414668
38.6047	3.878418	89.95350785919749
31.9714	3.8081398	88.08891733380678
25.5989	3.8715343	84.87616900908085
17.6441	3.8688366	78.0729175112074
6.49746	4.2423997	34.70679672726603
3.30969	4.5677147	-38.010348191443704
-1.8113	4.9091253	371.0277402965825
-4.59655	4.986917	208.49261965977237
-6.02083	5.0371575	183.66216833103712
-7.03335	5.0771794	172.1872075424522
-7.54569	5.090655	167.464404312337
-5.62913	5.117355	190.90845251234188
-5.22775	5.1241684	198.01862307867296
-4.7411	5.12075	208.00763808449665
-4.17798	5.087841	221.77754743599505
99.2414	4.6495643	95.31489220019205
74.8256	4.559063	93.90708639403088
88.2367	4.4701147	94.93394974873677
102.103	4.301385	95.78721084995088
92.4082	4.148597	95.5105741947245
64.6712	4.045393	93.7446735618971
80.2434	3.9822102	95.037338617904
73.1125	3.923738	94.63328923441736
37.876	3.8702846	89.78169529435391
49.1869	3.7798429	92.31534759712056
25.3575	3.8789315	84.70302264079046
31.7823	3.967743	87.51587266675024
25.2258	4.250207	83.15135271153244
17.4874	4.5734305	73.84727860832068
12.8148	4.790622	62.61648552401778
8.58258	4.9154563	42.72751880190504
3.44098	4.9925094	-45.08975427430671
-1.80364	5.093719	382.41327891704634
-3.75822	5.108616	235.9317893789661
-5.48207	5.1223545	193.43832778944002
-6.68369	5.1188307	176.58689476007
-7.99853	5.100265	163.76503035954227
-6.90076	5.0645547	173.3912578290282
-5.7862	4.943351	185.43346633383166
-5.2597	4.8640304	192.47732854414033
73.5662	4.256599	94.21391969214524
83.2227	4.180357	94.9769007915721
94.571	4.108433	95.65572004927552
98.8407	4.04094	95.91166452390569
96.1376	3.9780545	95.8621208499551
83.9281	3.920002	95.3293376812079
66.6078	3.8198075	94.26522303972158
55.2351	3.7783585	93.15949736006989
40.6577	3.913682	90.37407165131131
27.6325	4.4207664	84.00156743230733
22.3998	4.702306	79.00737963202488
17.0375	4.864882	71.44603723211618
12.3763	5.0038695	59.56893747797629
8.35192	5.0548997	39.47619690868173
4.97996	5.0935926	-2.2817990463754674
-0.682658	5.1161227	849.4415617220175
-2.86924	5.126122	278.65783813405915
-4.74372	5.1315107	208.17482219578778
-6.25021	5.1279984	182.0452194292794
-7.51935	5.110563	167.96549226911668
-8.19002	5.050981	161.6723984024887
-8.73835	4.988856	157.0915036674283
-6.2684	4.8286266	177.03124377176934
-5.56398	4.70081	184.4864537997647
-5.14981	4.613368	189.5832696755369
91.7743	3.9919186	95.65028500609483
83.0285	3.8788257	95.32832441031243
78.0604	3.8094525	95.11986131501506
86.5696	3.906373	95.48759387075762
93.7747	3.9241304	95.81536016269152
87.4031	4.5780787	94.76210881208341
77.1732	4.930265	93.6114257626557
55.4701	5.117003	90.77520257333084
41.573	5.149315	87.61380066439025
31.9228	5.1635265	83.82495731994658
26.1633	5.174234	80.22331098459267
20.4819	5.178746	74.71549802419612
15.9076	5.1659904	67.52501509562642
9.82804	5.139534	47.7054027835959
6.18911	5.0960665	17.660751905465727
3.07108	5.0334187	-63.897348995729615
0.225985	4.9559445	-2093.041296033384
-2.04166	4.8204184	336.10289813218975
-5.08308	4.7226667	192.90954373226018
-7.30001	4.6227565	163.3253427294944
-8.41691	4.52332	153.74086340341975
-8.98223	4.4263406	149.27886465763152
-7.50537	4.333392	157.7372209814267
-5.19911	4.162038	180.05289029290518
-4.38258	4.0847154	193.20343434009334
73.3865	3.9194684	94.65913775098335
84.9438	3.8198056	95.50313398338062
89.5461	3.9104948	95.63298448170595
90.5971	3.9061198	95.68847089995968
88.9157	3.9871173	95.51584947743586
78.8448	4.689351	94.05242479785367
72.0801	4.866222	93.24887382440753
64.864	5.0308204	92.24405053297787
58.3146	5.096224	91.26080677456656
51.6305	5.1442327	90.03644430219202
41.6449	5.179874	87.56180405884018
35.3752	5.2103953	85.27104849183621
29.2599	5.226511	82.13763151852983
24.1163	5.237448	78.28254080410558
18.7554	5.2408895	72.05663631821524
11.5982	5.226127	54.94018711691905
7.66242	5.1791306	32.40868169465686
4.16643	5.1250076	-23.00717001633279
1.14026	5.0551443	-343.3326077861045
-1.45953	4.9263787	437.53185076888207
-3.70311	4.828255	230.38379744383985
-5.40527	4.7236214	187.38917398199473
-6.8794	4.615187	167.0870616345699
-7.82296	4.505595	157.59450725639792
-8.6989	4.3970222	150.54687529120892
-6.2205	4.2397614	168.15788695023065
-5.17196	4.140473	180.05617723728437
-4.14107	4.046697	197.72105393396683
28.0706	3.9046822	86.08978045167794
65.7989	4.1950436	93.62444406232416
81.4725	4.649767	94.29284138126847
64.2469	4.9274335	92.33047380527421
93.0358	5.037187	94.58575534909993
92.0991	5.0941133	94.46887503766067
88.1516	5.115716	94.19668524200752
83.1931	5.1241837	93.8406145987
70.904	5.117756	92.7821282959358
57.6536	5.0394783	91.25903949073496
18.215	4.8438153	73.40754977064695
30.6922	4.7641153	84.47776821030065
24.1581	4.6824875	80.61731898224842
18.4359	4.6011686	75.04234293541062
11.503	4.5216603	60.69146982573868
7.28496	4.407705	39.49582488636355
3.79518	4.3012047	-13.333348829282116
0.596925	4.2343	-609.3520950119524
-1.88895	4.1704216	320.7798778479484
-4.13822	4.109437	199.30446313384977
-5.8615	4.05134	169.1178068890383
-7.6626	3.996334	152.15375431318083
-5.9729	3.9447422	166.0440110588477
-4.84837	3.8970194	180.37793738233037
-4.18255	3.8536892	192.13732563729823
-3.90457	3.8153138	197.71405598379283
72.9257	4.8633347	93.33110983638989
81.4506	5.081145	93.76168344886933
79.1399	5.046105	93.62381754599068
76.8107	4.999534	93.49109610784237
70.7884	4.943289	93.01680671091506
64.5197	4.8783593	92.43895923788946
53.4858	4.7303276	91.15591903619875
43.3628	4.65148	89.27310606267206
36.4416	4.4934936	87.6693286375398
26.9367	4.4171844	83.60161157419508
18.4386	4.343143	76.44537364061355
13.99	4.2374845	69.71062153253489
6.01574	4.10815	31.70997979457861
2.95161	4.020067	-36.19912842943631
-0.786192	3.9654403	604.3857243679414
-3.69097	3.914753	206.06298668371977
-5.1597	3.8472219	174.56289926460227
-6.24626	3.8818974	162.14754663148733
-6.86501	4.327407	163.0357056405414
-5.46055	4.6965456	186.00864874550751
-5.33726	4.8452396	190.7814004142751
-4.98372	4.9452934	199.22896148711138
-4.50691	5.030473	211.61690388211613
-4.32632	5.064172	217.054936150322
81.2242	5.065951	93.76300579229168
74.7814	4.924548	93.41474602285226
66.6261	4.748383	92.87308927612811
60.3943	4.590862	92.39851710487928
76.1593	4.4725385	94.12738601083191
100.086	4.395866	95.60791073838477
72.033	4.2859983	94.04995536200833
61.9715	4.1510386	93.30169659123779
58.8636	4.030242	93.15325123746496
54.9207	3.9754477	92.7614749937696
46.4006	3.900857	91.59309150822381
40.4306	3.855402	90.46414355654532
34.1744	3.8144841	88.83818412089191
27.9464	3.7605348	86.54376117000577
22.4299	3.790629	83.10010938179092
17.6414	4.1454253	76.50171788313205
9.17661	4.6026945	49.84319356566203
2.6351	4.7873135	-81.67483833842574
0.0845653	4.946341	-5749.138311858456
-2.17433	5.0055504	330.2111526337033
-4.80888	5.045213	204.91453008403013
-6.80791	5.060433	174.3316732064543
-6.36087	5.0566273	179.49585264628297
-5.95206	5.031505	184.53384071540873
-5.36831	4.997045	193.08412865261664
-4.92968	4.946881	200.34891657109958
93.0352	4.530596	95.13023697117754
90.4599	4.4489784	95.08182673850192
87.9676	4.3696637	95.03264025108565
76.8224	4.293458	94.41119144136226
64.5645	4.152104	93.5690611795574
54.1001	4.056344	92.5021525499511
47.1049	3.997456	91.5137160542447
37.0345	3.9426332	89.3541574220683
1.35496	3.8920674	-187.24593594286512
17.1352	3.7861547	77.90422850960286
13.052	3.780377	71.03603722749371
8.87329	3.9771905	55.1779501541166
5.46502	4.483822	17.95415714086529
-1.14705	4.912876	528.3052971616644
-4.1634	5.0006304	220.10927832713702
-5.59896	5.0384254	189.98859636497423
-6.95734	5.0428433	172.4823497650782
-8.38248	5.051355	160.2608608494497
-7.51882	5.0432024	167.07438837937943
-7.04464	5.0222087	171.29120359374215
-6.04351	4.9848704	182.48303496902633
-5.79192	4.8621917	183.94783632569514
85.1564	4.702349	94.47798796232088
92.45	4.5297985	95.10026980576856
111.157	4.3611794	96.07656231446775
109.643	4.2814775	96.09507312822439
106.239	4.2056804	96.04130224306601
102.061	4.134083	95.9493962140004
77.4164	3.9454136	94.90364854192154
69.0559	3.8915644	94.36461854353438
56.878	3.8199985	93.28387108283938
45.0786	3.7788467	91.6172050890723
37.0889	3.752919	89.8812903870793
30.9545	3.783534	87.77711456470742
18.8351	3.9834619	78.8508617250988
10.0598	4.3273296	56.98394031738267
4.71233	4.632088	1.7028026995674765
1.77152	4.920963	-177.78194091525455
-0.789438	4.9974046	733.0331550162588
-2.81329	5.0284257	278.73825593904434
-4.68254	5.0330048	207.48450254266854
-6.17418	5.051558	181.8174797195655
-7.89246	5.05672	164.07026280340713
-8.67325	5.051974	158.24775288793458
-9.1614	5.0322857	154.92922236203606
-7.78011	4.994952	164.20156982626887
-6.91389	4.9385266	171.42906799817206
-6.47374	4.8678284	175.19344021327572
86.2736	4.702012	94.5498840516577
104.378	4.6136603	95.57985131678288
81.4391	4.3536115	94.65414685209997
119.433	4.2728868	96.42235543640919
93.4993	3.9624805	95.76202311846295
76.8145	3.8080277	95.04256458185799
63.6458	3.7489457	94.10967094042836
55.0894	3.796061	93.10926896338543
46.8661	3.9966068	91.47228229448186
39.4399	4.3384027	88.99996740476024
32.5303	4.6420383	85.73010908197982
20.3759	4.8218474	76.33553437100996
15.5926	4.9679728	68.13890693507155
11.4822	5.014787	56.32555310196654
7.62136	5.048296	33.76121728195005
1.58264	5.056111	-219.47319504672552
-0.84185	5.058037	700.8239863510777
-2.86758	5.0359325	275.61611712889345
-4.45999	5.000143	212.11107080438225
-5.91283	4.917308	183.16334953024182
-6.9383	4.8466372	169.85337444942397
-7.51535	4.7677474	163.44012571418347
-6.7223	4.641652	169.0485778338784
-5.72949	4.556037	179.51906066200047
-5.18913	4.471241	186.1655257106111
-4.91126	4.3884215	189.3542883312933
73.9099	4.0242195	94.55524108445528
94.6524	3.963346	95.81273321356065
117.787	3.9070315	96.68297170892293
121.485	3.8556461	96.82623846013655
115.44	3.7887049	96.7180320180779
101.719	3.7512999	96.31209810183572
92.4298	3.8135982	95.87405949949975
82.0593	4.010956	95.11212543850098
63.397	4.345951	93.14486312561364
11.0605	4.8269057	56.359064561952614
32.485	5.03366	84.50466124643425
26.0248	5.0694137	80.52083295161637
20.3813	5.076209	75.09379148955644
15.2946	5.0883126	66.7313149452379
5.76982	5.0836253	11.892829782011688
2.81127	5.0481486	-79.56826041798031
-0.854995	5.0033584	685.1915544117594
-2.79365	4.940067	276.8320014556109
-5.26138	4.863447	192.4367182850981
-6.62028	4.7781124	172.1738670716298
-7.66154	4.688261	161.19214952698673
-8.2738	4.552576	155.02400495728995
-6.83768	4.422551	164.6791198727668
86.8851	4.3408003	95.0039795563901
71.9067	3.9583983	94.49509308002001
105.469	3.8514981	96.34821473588785
115.174	3.7880483	96.71102186944206
102.758	3.827827	96.2749106316669
82.5834	4.6486845	94.37092464772319
73.8779	4.8337803	93.45707114623036
60.7949	4.9551973	91.84932212538129
48.5247	5.031381	89.63130182645139
40.9701	5.0801053	87.60045794876866
34.6328	5.1061563	85.2563025807099
25.1767	5.118471	79.6698096840856
15.5739	5.1425667	66.97958374366168
6.23449	5.14449	17.483389450734254
3.3827	5.122538	-51.43341533648828
0.683665	5.089604	-644.4587988050562
-1.54546	5.008533	424.08042172563984
-3.6088	4.9368463	236.8002333975758
-5.11469	4.853927	194.90168168243198
-6.5945	4.713966	171.48329435794884
-7.71321	4.6142592	159.82280662427652
-8.51591	4.512541	152.98953063744662
-9.07096	4.312186	147.53836660975014
-8.06573	4.217179	152.2851527236495
-6.3399	4.0847387	164.4290717609122
97.7079	4.0044847	95.90157393316191
85.4359	3.866507	95.47437484450701
94.3199	3.8099585	95.96059856837076
101.583	3.8063712	96.25294233352989
101.836	3.8063736	96.26225141311168
91.1835	4.160473	95.43724842288951
55.8718	5.009584	91.03379062936517
38.5275	5.14074	86.65696081874478
32.1384	5.1610346	83.94122462622356
27.1208	5.17798	80.9077150398302
22.0005	5.192132	76.3999404227178
17.4977	5.2069936	70.24184217852645
13.2147	5.2110376	60.56635613151464
7.76407	5.204027	32.9729490705782
4.70461	5.186548	-10.243960186826202
-9.11967	5.1540194	156.51541562620554
-1.63703	5.107356	411.9891616929681
-3.73926	5.0473657	234.98301696556396
-6.19676	4.9745617	180.27681479842173
-7.46732	4.890439	165.49122754924056
-8.37402	4.746395	156.68000942055824
-9.25385	4.531821	148.972279204173
-6.38401	4.364136	168.36042439935528
91.9547	4.1454754	95.49182646922023
75.2937	3.733614	95.04126905380298
118.97956668072109