55.2717	7.748638	85.9808221948224
62.1201	7.4696484	87.97547544089866
67.3074	7.437725	88.94961820950893
67.8671	7.4093747	89.08252474825127
66.4445	7.3827143	88.88890292287968
68.517	7.3571377	89.26231479646262
69.8758	7.3331985	89.50538178690327
69.3284	7.3119555	89.45316128117801
66.6402	7.2951345	89.05295040541914
64.4878	7.2832227	88.706046522083
63.6265	7.273821	88.56793493493883
64.3092	7.266833	88.70016318400405
65.2989	7.262011	88.87881290691035
65.8368	7.258751	88.97462975532024
65.5477	7.256824	88.92894089810962
65.0409	7.255498	88.8447164066425
63.8398	7.255389	88.63500517859907
62.6853	7.254874	88.42651258247719
60.9609	7.2525635	88.10292572200653
59.0596	7.2479672	87.72770783329415
56.7281	7.245216	87.22817017979574
50.8845	7.2395864	85.77251210841898
48.1551	7.236962	84.97155836490325
41.6056	7.2327456	82.615930562781
35.2675	7.231373	79.49564767050103
29.4378	7.2305803	75.43776566949929
26.0505	7.2304344	72.24454741244395
21.005	7.2309957	65.57488470778519
17.9901	7.2323394	59.798225062484136
13.6348	7.2344217	46.94148977094974
11.3862	7.237236	36.43853037901062
9.32604	7.2407594	22.35976722511832
7.28144	7.244976	0.5007764753063564
5.29662	7.25514	-36.976788508489115
3.87264	7.261018	-87.4953002915897
2.51536	7.2673936	-188.92059238771643
1.11628	7.2738714	-551.6171180479355
-0.166022	7.280348	4485.17035514275
-1.26784	7.2866507	674.7295286041078
-3.22482	7.2926636	326.14173944384373
-4.79022	7.30811	252.56314094450636
-5.43814	7.3121023	234.4596209636703
-6.06104	7.3154087	220.69560335591706
-6.44947	7.3180046	213.4667660442457
-6.4708	7.3198757	213.1216585455936
-5.4626	7.321033	234.02102828559217
-5.33004	7.3214703	237.36238922789101
-5.09412	7.3212285	243.7191897815849
-4.96212	7.3203278	247.5241968342315
-4.7866	7.3188066	252.90198628682273
-4.48712	7.316706	263.06017965875867
-4.41137	8.019093	281.7823588932728
-4.34217	7.9382257	282.81702885619563
-4.13153	7.8906584	290.98635965877105
-4.13396	7.7601576	287.71729809948437
-3.86065	7.6880083	299.1376629279541
-3.62671	7.6213665	310.14546602957074
71.0226	7.2843504	89.74361467101883
78.1414	7.275183	90.689718467314
78.3947	7.2683516	90.72852019639234
78.3844	7.2637253	90.73320031146584
78.3829	7.260745	90.73682841689684
78.2152	7.2601585	90.71771918028628
74.2229	7.2593126	90.21957448103231
71.5501	7.2579813	89.85608668600581
67.1258	7.2562923	89.19000722070243
64.1682	7.25438	88.69474359544454
64.8949	7.25054	88.82725457517508
60.4947	7.2488747	88.01733953836103
63.0557	7.2475414	88.50613076253838
61.7616	7.246648	88.26674369981335
58.6853	7.246497	87.65193627482685
56.508	7.2473984	87.17456209593139
53.7936	7.251333	86.52008496299268
47.8032	7.254381	84.82449018547285
41.8577	7.2581654	82.65989959668251
35.5035	7.2626047	79.54397912115896
32.6539	7.267642	77.74341520537793
20.9877	7.29214	65.25517242131416
18.5004	7.2987475	60.54816219081775
16.271	7.30527	55.10251222351299
13.8753	7.311636	47.3046654387044
11.5438	7.3179426	36.60716233033656
9.43221	7.323738	22.353953924360304
7.73929	7.3335285	5.242880242270278
4.57842	7.33738	-60.26008257128493
2.90234	7.3404922	-152.9163506744599
1.46782	7.3428597	-400.2561202348711
0.180188	7.3453074	-3976.4685567867978
-1.07953	7.345437	780.429150350153
-3.1035	7.343637	336.62436769331725
-3.87619	7.3417964	289.40754348696163
-4.64326	7.949604	271.20738512955216
-5.40947	7.901285	246.06393188018032
-5.97053	7.8405323	231.32053239054144
-6.39375	7.765275	221.45102279376636
-6.64473	7.622471	214.71452225111588
-6.44034	7.559544	217.3780197968781
-5.43608	7.4770865	237.54554929586854
-5.41186	7.443126	237.53360612672301
-4.57606	7.4125175	261.9847066067446
-5.15868	7.3857803	243.171904220682
-4.48046	7.3606944	264.2843292282013
-4.47534	7.2961693	263.0305063103939
-4.35485	7.2823825	267.224641954664
-4.21406	7.2661486	272.4263266498626
88.1281	7.261522	91.76026648830599
86.5806	7.2602468	91.61446497851836
86.6221	7.2593756	91.61948687885182
85.7297	7.2582946	91.5335136996304
82.891	7.257205	91.2448851504171
79.47	7.2562246	90.86922678434898
75.9961	7.2554846	90.45281875915386
72.7165	7.255146	90.02269098719697
68.9379	7.258767	89.47057203833451
67.5883	7.2613187	89.25654599074787
63.4767	7.268464	88.54939977293319
55.7186	7.278261	86.93746265737305
53.092	7.283992	86.28043227392591
50.0752	7.290201	85.44148955660786
46.4455	7.29674	84.28966944765469
40.5744	7.303503	81.99972246081734
37.1249	7.310383	80.30868047599328
30.9292	7.3172083	76.34207311778728
28.5519	7.3238707	74.34892429692829
25.3217	7.3302484	71.05151657560793
22.8278	7.3416495	67.83899557683094
20.3244	7.3508997	63.83214404797219
13.2599	7.357579	44.5125590719744
10.9109	7.361189	32.533624079487396
7.28409	7.3618565	-1.0676202244537192
5.54649	7.3610554	-32.715557384635765
-4.13896	7.359662	277.81428815667414
1.12842	7.357654	-552.0315347564879
-0.220369	7.355081	3437.6205691462133
-1.38879	7.9998283	676.0286574738316
-2.36165	7.957185	436.9332605655174
-3.35082	7.9085207	336.01745451482026
-4.80046	7.7698164	261.8556684646341
-5.39474	7.69484	242.6359802679786
-6.09955	7.6236134	224.9865009944352
-6.65117	7.562193	213.69718666805653
-7.26935	7.5167074	203.40274394139638
-6.14117	7.4440284	221.21514869942598
-5.95004	7.3860917	224.13517144945826
-5.86629	7.3594856	225.453830448473
-5.17567	7.3095436	241.22894000064676
-4.95609	7.289243	247.07648132893144
-4.66838	7.2739296	255.81272160960918
-4.67082	7.2639356	255.51733361101412
-4.44212	7.2514725	263.2434935009883
94.6851	7.246484	92.34675455952247
79.6603	7.2518826	90.89648877742911
85.3619	7.251726	91.50472960985579
95.2563	7.2519703	92.38688859354028
95.0345	7.252595	92.368461995565
721.21	7.255315	98.994008702382
93.9873	7.257538	92.27817155193848
92.0499	7.2639675	92.10866093490317
83.7741	7.273057	91.31825239409827
63.6653	7.2845516	88.55804699919878
75.9403	7.2910213	90.3990065148985
74.1135	7.2978754	90.15311083099441
72.3768	7.304969	89.90702858735484
65.7973	7.319397	88.87584031138482
59.5094	7.3396506	87.66640350481332
52.7637	7.3455644	86.07837207420903
49.6461	7.3508863	85.19342418993936
45.6165	7.35555	83.87524531505528
42.6206	7.359501	82.73252699540444
32.0518	7.3668346	77.01584718359636
23.1082	7.3682537	68.1141167008602
19.8217	7.3657312	62.8400613570902
17.562	7.3635573	58.071075615587475
15.4034	8.045047	47.77096883560279
10.7408	8.006056	25.461270077056295
8.61694	7.963255	7.586041571947855
2.14968	7.773158	-261.5960607829435
-5.87707	7.564825	228.71762026607635
-2.54181	7.441983	392.7828247753239
-3.43116	7.409688	315.9528571650928
-4.29335	7.3508825	271.215534582701
-5.14616	7.322417	242.2889324591282
-6.91332	7.258485	204.99274293376672
-7.72036	7.230689	193.65741019820678
-7.97709	7.2285805	190.61676102281226
-7.83461	7.22803	192.25769015033626
-7.0431	7.2304087	202.65945840110095
-6.538	7.2320056	210.61495801236654
-6.12084	7.235032	218.20325307883903
-5.96832	7.236038	221.24079033759827
-5.1866	7.237379	239.53993573096625
76.6955	7.243214	90.55587725126342
96.1537	7.245618	92.4645431291358
101.24	7.2613616	92.8275777146617
101.147	7.31558	92.7673761497231
101.627	7.3226695	92.79456240755758
100.191	7.3357	92.67828362803438
95.7732	7.341441	92.33455891871266
87.4919	7.3465395	91.60317405228477
83.946	7.3509493	91.24323705326834
81.5271	7.3546114	90.97893302588827
78.5307	7.357522	90.63102583692341
65.148	7.3616123	88.70017480807942
57.8431	7.3615026	87.27332489097634
46.8381	7.359232	84.28793271265702
38.8948	7.3573904	81.08386806718453
36.1172	7.355054	79.63559422372865
32.6699	7.3521757	77.49556351788335
11.2451	7.9740314	29.088834841699953
11.2451	7.9369307	29.418763360438533
17.8254	7.798579	56.25018524675081
51.6014	7.599431	85.27282145475452
65.0372	7.494582	88.47646727876501
66.1941	7.4295464	88.77611989498159
65.3109	7.3776145	88.70385599788796
65.6591	7.329707	88.83672222047926
64.0047	7.2705317	88.64062993192219
59.2884	7.256818	87.76014023331985
55.4538	7.2492723	86.92736770700675
50.7496	7.2451324	85.72376427826147
44.351	7.241729	83.67177864693379
38.0947	7.237108	81.00232248249776
32.1646	7.2304277	77.52054524341723
26.5924	7.221945	72.84207172590366
21.2573	7.21257	66.07014820258902
15.6749	7.203471	54.044547917162014
11.5193	7.1960855	37.53018703252012
7.46312	7.190261	3.6560995551998023
2.23949	7.1904764	-221.07650912339716
-0.486295	7.197062	1579.978615404104
-3.52742	7.205164	304.2615811535084
-5.16562	7.2154408	239.68199285707033
-6.43335	7.22696	212.33588351605167
-5.74325	7.2386518	226.03754686383823
-5.15427	7.2494693	240.6497819282824
-4.90337	7.2585287	248.03143250798007
-4.5584	7.2652125	259.3807435370596
-4.3218	7.269184	268.1980591985058
-4.12886	7.2703705	276.08664294449363
-3.63642	7.2688704	299.8908423418943
-3.42938	7.9369307	331.4392198701573
34.729	7.730384	77.74083674657697
58.5631	7.599431	87.02351783631607
65.0372	7.494582	88.47646727876501
66.1941	7.4295464	88.77611989498159
65.3109	7.3776145	88.70385599788796
65.6591	7.329707	88.83672222047926
64.9147	7.2926755	88.76575777164012
60.9027	7.256818	88.08457253826539
55.4538	7.2492723	86.92736770700675
50.7496	7.2451324	85.72376427826147
44.351	7.241729	83.67177864693379
38.0947	7.237108	81.00232248249776
32.1646	7.2304277	77.52054524341723
26.5924	7.221945	72.84207172590366
21.2573	7.21257	66.07014820258902
15.6749	7.203471	54.044547917162014
11.5193	7.1960855	37.53018703252012
7.46312	7.191413	3.6406631348187948
2.23949	7.1904764	-221.07650912339716
-0.486295	7.194062	1579.3617506466887
-2.54012	7.210084	383.84818521808876
-5.80722	7.2211094	224.34710393777686
-6.6461	7.232852	208.82851497810069
-5.05193	7.2442303	243.39529376341773
-5.09047	7.2585287	242.59055486825943
-4.5584	7.2652125	259.3807435370596
-4.3218	7.269184	268.1980591985058
-4.12886	7.2703705	276.08664294449363
-3.63642	7.2688704	299.8908423418943
-3.42938	7.9740314	332.5210989927462
51.6014	7.494582	85.47600771996919
66.1941	7.4295464	88.77611989498159
65.3109	7.3776145	88.70385599788796
65.6591	7.329707	88.83672222047926
64.9147	7.2926755	88.76575777164012
62.4157	7.2705317	88.35143911456254
57.5242	7.252451	87.39235142733001
47.6335	7.243488	84.79328950904777
41.5161	7.2396526	82.56182443449292
32.1646	7.2304277	77.52054524341723
26.5924	7.221945	72.84207172590366
18.4752	7.2079144	60.9860023294694
13.7117	7.199478	47.49390725676322
9.44495	7.19337	23.838984998406662
5.33735	7.190261	-34.715936430883154
2.23949	7.1918545	-221.1380436409612
-1.57883	7.197062	555.8478263594304
-3.52742	7.205164	304.2615811535084
-5.80722	7.2211094	224.34710393777686
-6.6461	7.232852	208.82851497810069
-5.05193	7.2442303	243.39529376341773
-5.09047	7.2542624	242.5067366937477
-4.80466	7.2621922	251.1489462889518
-4.31162	7.2675514	268.55732884854586
-4.14284	7.2701254	275.48652678672653
-4.02893	7.2699466	280.44359761347687
-3.54069	7.267186	305.2477554975412
17.8254	7.798579	56.25018524675081
51.6014	7.662244	85.15109451122078
62.3886	7.5414925	87.9120664108518
67.1553	7.458745	88.89328994559187
65.7563	7.4030447	88.74169403896826
65.2961	7.352895	88.73915258415911
65.4818	7.309223	88.83777844836726
64.0047	7.2805758	88.62493718131736
60.9027	7.262681	88.07494539556063
57.5242	7.252451	87.39235142733001
47.6335	7.243488	84.79328950904777
41.5161	7.2396526	82.56182443449292
35.5108	7.234031	79.62864312306993
23.4444	7.217298	69.21525709633995
18.4752	7.2079144	60.9860023294694
13.7117	7.199478	47.49390725676322
9.44495	7.19337	23.838984998406662
5.33735	7.190261	-34.715936430883154
2.23949	7.1904764	-221.07650912339716
-0.486295	7.194062	1579.3617506466887
-2.54012	7.205164	383.65449334454036
-5.80722	7.22696	224.4478378220592
-5.74325	7.2386518	226.03754686383823
-5.15427	7.2494693	240.6497819282824
-4.90337	7.2585287	248.03143250798007
-4.5584	7.2652125	259.3807435370596
-4.3218	7.269184	268.1980591985058
-4.12886	7.2699466	276.0763644397459
-3.54069	7.267186	305.2477554975412
11.2451	7.9369307	29.418763360438533
17.8254	7.798579	56.25018524675081
51.6014	7.662244	85.15109451122078
62.3886	7.5414925	87.9120664108518
67.1553	7.458745	88.89328994559187
65.7563	7.4030447	88.74169403896826
65.2961	7.352895	88.73915258415911
65.4818	7.309223	88.83777844836726
64.0047	7.2805758	88.62493718131736
60.9027	7.262681	88.07494539556063
57.5242	7.252451	87.39235142733001
47.6335	7.243488	84.79328950904777
38.0947	7.237108	81.00232248249776
32.1646	7.2304277	77.52054524341723
26.5924	7.221945	72.84207172590366
21.2573	7.21257	66.07014820258902
15.6749	7.203471	54.044547917162014
11.5193	7.1960855	37.53018703252012
7.46312	7.191413	3.6406631348187948
2.23949	7.1904764	-221.07650912339716
-0.486295	7.194062	1579.3617506466887
-2.54012	7.210084	383.84818521808876
-6.43335	7.22696	212.33588351605167
-5.74325	7.2386518	226.03754686383823
-5.09047	7.2542624	242.5067366937477
-4.80466	7.2621922	251.1489462889518
-4.31162	7.2675514	268.55732884854586
-4.14284	7.2701254	275.48652678672653
-4.02893	7.2688704	280.4168734397337
-3.42938	7.9740314	332.5210989927462
51.6014	7.599431	85.27282145475452
65.0372	7.494582	88.47646727876501
66.1941	7.4030447	88.81615473514708
65.2961	7.352895	88.73915258415911
65.4818	7.309223	88.83777844836726
64.0047	7.2805758	88.62493718131736
60.9027	7.262681	88.07494539556063
55.4538	7.2492723	86.92736770700675
50.7496	7.2451324	85.72376427826147
35.5108	7.234031	79.62864312306993
23.4444	7.217298	69.21525709633995
18.4752	7.203471	61.010051695555156
11.5193	7.19337	37.553761273206035
2.23949	7.1904764	-221.07650912339716
-0.486295	7.194062	1579.3617506466887
-2.54012	7.2007875	383.48220181367907
-4.42205	7.210084	263.048438753375
-5.80722	7.2211094	224.34710393777686
-6.6461	7.232852	208.82851497810069
-5.09047	7.2542624	242.5067366937477
-4.80466	7.2621922	251.1489462889518
-4.31162	7.2675514	268.55732884854586
-4.14284	7.2701254	275.48652678672653
-4.02893	7.2699466	280.44359761347687
-3.54069	7.267186	305.2477554975412
11.2451	7.9369307	29.418763360438533
34.729	7.730384	77.74083674657697
58.5631	7.599431	87.02351783631607
65.0372	7.494582	88.47646727876501
66.1941	7.4295464	88.77611989498159
65.3109	7.3776145	88.70385599788796
65.4818	7.309223	88.83777844836726
62.4157	7.2705317	88.35143911456254
59.2884	7.256818	87.76014023331985
44.351	7.241729	83.67177864693379
35.5108	7.234031	79.62864312306993
23.4444	7.217298	69.21525709633995
18.4752	7.2079144	60.9860023294694
13.7117	7.199478	47.49390725676322
9.44495	7.19337	23.838984998406662
5.33735	7.190261	-34.715936430883154
2.23949	7.1904764	-221.07650912339716
-0.486295	7.194062	1579.3617506466887
-2.54012	7.2007875	383.48220181367907
-4.42205	7.210084	263.048438753375
-5.80722	7.2211094	224.34710393777686
-6.6461	7.232852	208.82851497810069
-5.05193	7.2442303	243.39529376341773
-5.09047	7.2542624	242.5067366937477
-4.5584	7.2652125	259.3807435370596
-4.3218	7.269184	268.1980591985058
-4.12886	7.2703705	276.08664294449363
-3.63642	7.2688704	299.8908423418943
11.2451	7.9369307	29.418763360438533
17.8254	7.798579	56.25018524675081
51.6014	7.662244	85.15109451122078
62.3886	7.5414925	87.9120664108518
67.1553	7.4295464	88.93676781624187
65.2961	7.352895	88.73915258415911
64.9147	7.2926755	88.76575777164012
62.4157	7.2705317	88.35143911456254
59.2884	7.256818	87.76014023331985
55.4538	7.2492723	86.92736770700675
47.6335	7.243488	84.79328950904777
38.0947	7.237108	81.00232248249776
32.1646	7.2304277	77.52054524341723
26.5924	7.221945	72.84207172590366
21.2573	7.21257	66.07014820258902
13.7117	7.199478	47.49390725676322
7.46312	7.191413	3.6406631348187948
2.23949	7.1904764	-221.07650912339716
-0.486295	7.194062	1579.3617506466887
-2.54012	7.205164	383.65449334454036
-5.16562	7.2154408	239.68199285707033
-6.43335	7.22696	212.33588351605167
-5.74325	7.2386518	226.03754686383823
-5.15427	7.2494693	240.6497819282824
-4.80466	7.2621922	251.1489462889518
-4.31162	7.2675514	268.55732884854586
-4.14284	7.2701254	275.48652678672653
-4.02893	7.2699466	280.44359761347687
-3.54069	7.267186	305.2477554975412
11.2451	7.9369307	29.418763360438533
51.6014	7.662244	85.15109451122078
62.3886	7.5414925	87.9120664108518
67.1553	7.458745	88.89328994559187
65.7563	7.3776145	88.78037107210857
65.6591	7.329707	88.83672222047926
64.9147	7.2926755	88.76575777164012
62.4157	7.2705317	88.35143911456254
59.2884	7.256818	87.76014023331985
55.4538	7.2492723	86.92736770700675
44.351	7.241729	83.67177864693379
38.0947	7.237108	81.00232248249776
32.1646	7.2304277	77.52054524341723
26.5924	7.221945	72.84207172590366
21.2573	7.21257	66.07014820258902
15.6749	7.203471	54.044547917162014
11.5193	7.1960855	37.53018703252012
7.46312	7.191413	3.6406631348187948
3.62572	7.189945	-98.3039278581467
-0.486295	7.197062	1579.978615404104
-3.52742	7.205164	304.2615811535084
-5.16562	7.2154408	239.68199285707033
-6.43335	7.22696	212.33588351605167
-5.74325	7.2386518	226.03754686383823
-5.15427	7.2494693	240.6497819282824
-4.90337	7.2621922	248.10613751945908
-4.31162	7.2675514	268.55732884854586
-4.14284	7.2701254	275.48652678672653
-3.63642	7.2688704	299.8908423418943
-3.42938	7.9740314	332.5210989927462
17.8254	7.798579	56.25018524675081
58.5631	7.5414925	87.12244979714323
67.1553	7.4295464	88.93676781624187
65.3109	7.3776145	88.70385599788796
65.6591	7.329707	88.83672222047926
64.9147	7.2926755	88.76575777164012
62.4157	7.2705317	88.35143911456254
57.5242	7.252451	87.39235142733001
47.6335	7.243488	84.79328950904777
41.5161	7.2396526	82.56182443449292
35.5108	7.234031	79.62864312306993
23.4444	7.217298	69.21525709633995
18.4752	7.2079144	60.9860023294694
13.7117	7.1960855	47.518650332179696
7.46312	7.191413	3.6406631348187948
3.62572	7.189945	-98.3039278581467
0.797505	7.1918545	-801.7942716223737
-1.57883	7.197062	555.8478263594304
-4.42205	7.210084	263.048438753375
-6.43335	7.22696	212.33588351605167
-5.74325	7.2542624	226.30937290048843
-4.5584	7.2652125	259.3807435370596
-4.3218	7.269184	268.1980591985058
-4.12886	7.2703705	276.08664294449363
-3.63642	7.2688704	299.8908423418943
-3.42938	8.007026	333.4831771884352
20.7087	7.748657	62.582599780811535
60.2912	7.6091175	87.3793924141359
73.5289	7.427326	89.89877126830595
71.7446	7.2986894	89.82684277308483
71.1465	7.2690635	89.78296602130501
68.4078	7.245965	89.40769301031959
56.2469	7.2379017	87.1319063476468
46.524	7.2375264	84.44345668784331
39.9422	7.2360516	81.88368812966735
33.5738	7.2327785	78.45707445714604
27.5004	7.22813	73.71627249858338
21.4153	7.22306	66.27149522367947
16.6982	7.217272	56.77814550549387
9.88516	7.2163677	26.99797073748266
6.22227	7.2185326	-16.011239442331647
3.07559	7.223938	-134.87974651702382
0.21719	7.2323647	-3229.9714298926397
-2.00521	7.243247	461.22138384820806
-3.91232	7.2557154	285.4581372853304
-5.87019	7.275061	223.93229099186308
-6.66053	7.286794	209.40262356974557
-5.54187	7.300485	231.7332499063856
-5.00717	7.309125	245.97317708360612
-4.47671	7.308166	263.2485973826473
-3.78895	8.006044	311.29981812241726
68.981	7.67467	88.87422498843662
78.9992	7.317229	90.73758933604569
78.8502	7.2777615	90.77013925327718
73.4686	7.247196	90.1356598082843
69.4761	7.238055	89.58194762765541
69.208	7.234547	89.54666130759982
67.7602	7.234128	89.32392910403858
51.9775	7.230299	86.08955648893001
45.3467	7.2258873	84.06524069884284
39.1859	7.219765	81.57560651414784
32.7473	7.2173448	77.9604899896418
26.7051	7.220791	72.96100331093925
21.3735	7.226707	66.18847086393113
11.8619	7.235379	39.00320338212319
5.76706	7.246298	-25.649777942702578
2.75485	7.2650495	-163.71852162388257
0.127451	7.2837353	-5614.929805501917
-2.07652	7.2948666	451.3025003800423
-4.61621	7.303588	258.21611103272073
-6.06203	7.3094463	220.57753804413403
-6.68709	7.3127165	209.35573727146422
-5.66098	7.3098707	229.12729650833697
-5.28078	7.965892	250.84688401330686
-4.61971	7.8781824	270.53413449757716
-4.39451	7.7429476	276.19592326568437
57.4938	7.238596	87.4097768294192
72.9451	7.210102	90.11571938676255
86.9738	7.210126	91.70999918419837
85.4649	7.213577	91.5596022336973
72.2636	7.2344446	89.98881408738737
68.2139	7.2464867	89.37681776351727
58.4017	7.265831	87.55887052974087
48.3656	7.2780914	84.95192586778258
41.729	7.293233	82.52238982935106
35.2522	7.3002477	79.291371974904
26.1157	7.3055573	72.02618610315928
20.5144	7.304824	64.39172628138245
15.4241	7.3011703	52.663880641606454
5.49504	7.814163	-42.203938342583356
-1.63285	7.4866676	558.503049387914
-3.60993	7.4144735	305.3910589582927
-5.87336	7.3564134	225.25050682660176
-6.46897	7.226041	211.70312299942512
-5.99996	7.2123218	220.20617304790306
-5.54399	7.2096524	230.04447563731068
-4.95741	7.2092886	245.42450195942035
-4.62093	7.20909	256.0095133597426
70.1244	7.2014284	89.73049646161688
78.5234	7.1982126	90.83303610232157
87.2371	7.196579	91.75055213063875
78.5979	7.2071714	90.83032938121434
64.5349	7.2274666	88.80068469004405
50.2775	7.2529316	85.57419625043958
43.4323	7.270698	83.25969738572257
36.919	7.2840576	80.27016476591362
30.4009	7.289651	76.02159180220728
23.9517	7.292716	69.55241169304075
18.8992	7.2897596	61.42821142471447
13.765	7.9961624	41.90946447429891
7.35288	7.9170427	-7.672676979478807
0.0297515	7.5907116	-25413.711119243035
-2.35552	7.4394646	415.83110208975575
-4.2244	7.3749404	274.5795928282085
-5.75324	7.291525	226.73772042230775
-7.27197	7.234486	199.48455210365927
48.8868	7.2034883	85.264964030332
-6.0355	7.197545	219.25350789947447
-5.45756	7.197435	231.88008597041258
-4.79754	7.196468	250.00328490590212
68.8983	7.1857576	89.57048771083505
72.6283	7.2337627	90.04001980348414
79.8003	7.2576094	90.90528926338855
38.4577	7.270877	81.09383020605657
83.8566	7.2782083	91.3206520967766
78.8591	7.2795916	90.76885940895221
60.1809	7.9121056	86.85279634423344
45.6922	7.804639	82.91910225601472
31.7272	7.5204096	76.29665165541574
17.4375	7.364928	57.76385782440076
12.9001	7.307973	43.34948529708019
8.82406	7.238886	17.964230541189174
5.09911	7.1977973	-41.15791029950693
-5.37417	7.1877728	233.74667082976538
-1.64663	7.186558	536.4403536569421
-3.57518	7.186861	301.0209536369573
-5.87474	7.1860356	222.32091091208332
-6.70004	7.1822777	207.19753651732452
-6.09773	7.1789436	217.73141681877047
-4.91118	7.1754932	246.10528811569426
-4.44249	7.177085	261.5554618396864
77.8695	7.203726	90.74897386579998
23.8305	7.2510195	69.57252034869411
63.2783	7.267131	88.51560224733177
71.9619	7.2687817	89.89912204906814
55.6246	7.267782	86.93423345978218
84.4617	7.9854345	90.54549524306078
83.0584	7.8598337	90.536980632484
80.6138	7.57693	90.60095519567467
71.9851	7.3547063	89.78301644125088
62.9695	7.2977242	88.41069802969963
44.8459	7.214712	83.9122109028823
37.7081	7.194125	80.9215360883897
31.5917	7.176897	77.28233320849797
17.1478	7.176176	58.15104045588254
12.6277	7.172697	43.19870482088992
8.6762	7.1698866	17.361440942748434
3.63946	7.167182	-96.92981370064675
-1.61718	7.16778	543.2270896511095
-3.51127	7.1709394	304.2263589594695
-5.2252	7.1807737	237.4258021896071
-6.43504	7.1904726	211.7393688760429
-5.60055	7.202034	228.59510753537293
-5.07089	7.2146125	242.27507509337363
-4.89947	7.233245	247.6332254429299
-4.43517	7.2487645	263.43826071960837
82.5918	7.256246	91.21432303367465
68.9283	7.6442432	88.90986510702778
47.9524	7.420877	84.52449613115984
80.9542	7.3548284	90.91482861518172
73.836	7.242296	90.19137757299362
55.0365	7.183097	86.94848333958066
28.31	7.1650224	74.69084411328937
22.2878	7.1663523	67.84630010579171
14.8233	7.1659017	51.657852933571554
10.3266	7.1638002	30.627697521985368
6.78857	7.16265	-5.510441597163605
2.17071	7.1640444	-230.03229789541967
-0.337954	7.1678123	2220.9431072972275
-4.35632	7.1883287	265.00921368693605
-5.989	7.200151	220.22292794583498
-7.58244	7.2129784	195.12739938404664
-6.49378	7.2319927	211.36799475769772
-5.40426	7.2431426	234.02653448101677
-4.95552	7.2521787	246.34545809522444
62.5922	7.2623873	88.39729841901931
71.6975	7.2633786	89.86940724349523
65.2769	7.2618337	88.87534020089355
82.0559	7.850869	90.43229290007811
80.6063	7.7182484	90.42476031518105
77.3535	7.5170097	90.28225805656207
73.3167	7.428691	89.8676731704317
51.9157	7.284752	85.96811363096462
38.1463	7.2403693	81.01947094268859
31.6559	7.2005463	77.25369842200982
26.1501	7.184927	72.52428559675056
15.7175	7.1759415	54.34425583458472
11.3909	7.171335	37.04329389669852
7.28521	7.1705585	1.5737594098988015
2.3004	7.1696506	-211.6697208303359
-0.301814	7.1683016	2475.0726978057205
-2.53354	7.167012	382.8852888319951
-4.48279	7.1666393	259.8700661582718
-7.52863	7.171644	195.25828661684912
-5.89063	7.2083807	222.37028946992223
-5.32965	7.2208285	235.48409665989865
-4.67215	7.2329216	254.80926157015023
-4.42956	7.243765	263.53236210367857
77.5425	7.2526255	90.6469043456923
72.8656	7.890297	89.17143772563932
80.8538	7.6484523	90.54039147665397
81.1446	7.480033	90.7818463799334
79.8037	7.38671	90.74389932496376
76.9947	7.334819	90.47360894916284
22.4112	7.2659397	67.578979028203
63.8292	7.2271695	88.67733113911287
57.1962	7.2122955	87.3902543084765
40.2393	7.2036395	82.09799866160951
34.0321	7.199477	78.84503746142244
27.5078	7.197256	73.83558004990844
16.825	7.1907525	57.26150547785968
12.3194	7.1856775	41.67185394261744
8.49932	7.1799088	15.523727463854815
20.6335	7.1712537	65.24460948783387
-0.778949	7.169922	1020.4609584686832
-3.03014	7.1712	336.6623317928375
-6.35276	7.181674	213.04808791429187
-7.30513	7.190261	198.42755546225683
-7.97309	7.2002063	190.30633854325714
-6.48988	7.2204676	211.25734142575476
-5.38089	7.22491	234.2697941538444
-4.88818	7.228908	247.88548837332712
-4.06147	7.2323847	278.073077609445
10.0736	8.04306	20.157039686412915
10.0736	7.9617615	20.96408810619397
15.2226	7.24973	52.37521764900793
61.1314	7.2370276	88.16152404676875
71.3329	7.231889	89.86177806327574
75.8305	7.2319865	90.46295723371621
78.9601	7.234686	90.83753951173095
77.2534	7.2376146	90.63132853856472
75.982	7.2393703	90.47225390453949
72.8021	7.2396574	90.05570659620719
68.1855	7.2390275	89.38333103955262
61.3196	7.2385635	88.19535085397334
54.631	7.2402396	86.7470152094215
47.5268	7.247939	84.74978258452917
33.7812	7.2816525	78.44466045488592
27.0981	7.302976	73.04985799814727
18.5649	7.3163805	60.590249774127194
14.488	7.3279705	49.42041311976242
8.10784	7.3404837	9.464369773242625
3.27893	7.3450937	-124.00887119297418
0.658143	7.3467216	-1016.2804693108656
-2.4306	7.345553	402.21150747816876
-4.88297	7.341896	250.35718575475596
-6.00359	8.038066	233.887661282079
-6.62648	7.903158	219.26630828994664
-5.48463	7.6849847	240.11855918869793
-5.19688	7.5476356	245.233981796089
-4.92785	7.4568276	251.32011863234135
-4.56647	7.3895593	261.82214071784693
-4.39635	7.330982	266.7515635347958
83.2212	7.221606	91.32239924774264
81.3847	7.223735	91.1239676936569
79.1086	7.2288737	90.86208768857553
80.0367	7.2306337	90.96584837620834
75.5081	7.231639	90.42270191425723
69.929	7.2325945	89.6572331250285
67.6114	7.2343464	89.30011088967781
66.4773	7.237629	89.11263144110627
64.7937	7.2429843	88.82146776502948
60.2931	7.250789	87.97409682240469
54.6738	7.2609987	86.71942030122082
45.0351	7.2733803	83.84952973064408
38.5486	7.2872095	81.09604836440025
32.209	7.3016872	77.33028866584014
26.0366	7.315695	71.90226536017225
20.9385	7.328295	65.00085991697429
15.9532	7.338806	53.99790640240223
11.87	7.346888	38.1054074459067
7.75541	7.3518133	5.204068746013502
4.39741	7.3536344	-67.22649236822623
1.76658	7.3525834	-316.2043807244776
-0.564199	7.3490543	1402.5642932663743
-2.54876	8.035652	415.27691432417913
-4.13059	7.838111	289.75765009422827
-5.6031	7.678315	237.03691537214593
-6.58385	7.4920974	213.79507441480013
-7.02765	7.412746	205.4797208585939
-5.91029	7.3237104	223.91457497900728
-5.65096	7.2718296	228.6830847422673
-5.14448	7.2348742	240.6337263875718
-4.90596	7.215822	247.08277478329296
-4.49322	7.2059984	260.37494567792623
56.2988	7.2029305	87.20589023479724
90.968	7.20439	92.08030153921403
96.2219	7.2154045	92.50129063620932
94.6564	7.217247	92.37532083202088
88.7653	7.220297	91.86585409352843
81.4084	7.2252355	91.12470598467044
73.2702	7.2479095	90.10797120101562
67.7027	7.2607875	89.27548206386169
60.5006	7.289606	87.9511804290439
53.4731	7.303623	86.3414999887285
46.5356	7.3160906	84.27850973044738
39.6601	7.3303194	81.51714536701557
16.2778	7.3362083	54.93120371959825
26.9597	7.3390956	72.77753027719758
12.3362	8.028939	34.915619047604324
8.19961	7.8981524	3.6764847845651865
4.81693	7.751194	-60.91565155396535
-3.29814	7.4826317	326.87427141927924
-4.89782	7.4024158	251.13694988050887
-6.15234	7.3374786	219.26321878919816
-7.80222	7.2284894	192.64657394333767
-6.6891	7.200732	207.64874171116617
-6.21617	7.1805763	215.51447336899645
-5.43263	7.176304	232.09631906326058
-5.27719	7.176902	235.99854342657994
102.285	7.180094	92.98030835328605
67.2448	7.1839504	89.31671641757177
82.7416	7.1973267	91.30144128591816
83.0333	7.2226186	91.3015405839071
95.6376	7.2353306	92.43464036124222
87.6092	7.2493463	91.72536227763325
75.5797	7.2838736	90.36265712345839
67.7008	7.295047	89.2245764130075
59.2829	7.3036785	87.67996102095297
50.5546	7.309445	85.5414849253938
43.4956	7.312291	83.1884376498352
32.7796	7.312334	77.69242317125327
26.5176	7.3098392	72.4340079979233
15.4558	7.891614	48.940760546595236
11.1087	7.743833	30.290374162239416
7.4434	7.587659	-1.9380790740977176
4.2889	7.4680066	-74.12405949207708
-0.981279	7.3167677	845.6358420300393
-2.90588	7.2558174	349.6943258957229
-5.49522	7.191761	230.8730273876653
-6.62779	7.1704445	208.18757071755834
-7.53272	7.1584005	195.030745523638
-8.15651	7.15349	187.70282580245515
-7.27365	7.1560163	198.38274020827393
-6.51429	7.160427	209.9187670772427
-6.11334	7.1648064	217.1995498183666
-5.75644	7.168227	224.52534888209453
91.3517	7.1901407	92.12916696245506
59.8504	7.2001486	87.96975516562973
79.0206	7.2121344	90.87309464509778
80.4085	7.225461	91.01405472449174
102.413	7.2460136	92.92471689711988
101.661	7.2695513	92.84922053137916
92.2023	7.2779684	92.10652090087495
51.5522	7.2864246	85.86593261852435
59.1582	7.282013	87.6906108969667
36.0784	7.8166027	78.3343973652891
29.8113	7.651841	74.33241070993846
20.6644	7.508808	63.6630722431228
3.02064	7.4079485	-145.2443438492592
9.55382	7.3309755	23.26654891750831
6.09004	7.2660303	-19.310054855485628
0.47637	7.173495	-1405.8662095521706
-4.40682	7.1391745	262.0028563789343
-5.75968	7.134252	223.86543702071475
-6.72397	7.1349287	206.11184008835568
-6.36225	7.145585	212.31224337376398
-5.63972	7.149094	226.76329017066377
-5.52081	7.1515217	229.537541011047
-4.73448	7.155306	251.13182455621575
91.2431	7.2030253	92.1056763975766
72.8048	7.216527	90.08783809061426
81.2228	7.2297134	91.09891147267504
99.3517	7.255572	92.69708573634031
97.6436	7.264784	92.55989564898329
71.498	7.265292	89.83847213208377
87.814	7.263334	91.72872670158542
80.1299	7.259223	90.94067993006809
42.2179	7.9198256	81.24059549465632
53.9373	7.6416063	85.83242923644244
35.7566	7.400952	79.30185894562239
28.7114	7.3270717	74.48026784220758
20.7208	7.2620935	64.95263984067259
15.5454	7.16156	53.931322368415806
11.1376	7.1261206	36.01744897941709
5.82532	7.1168156	-22.170384659996117
0.355553	7.1196156	-1902.4062186121664
-1.79534	7.1246877	496.8433846026564
-3.55824	7.12932	300.3608601787416
-5.14309	7.1330457	238.6918368257051
-6.82064	7.136033	204.62408938417505
-7.61507	7.1393957	193.7535093233489
-5.3254	7.1440463	234.15042012690884
-6.3003	7.1505604	213.49555923030644
-5.8778	7.1592245	221.80109097045099
69.3475	7.255824	89.53700615082255
80.7093	7.2544317	91.011651777827
87.7457	7.2508545	91.73651274271359
95.228	7.951519	91.6500156548887
98.4633	7.8613386	92.0159739254855
90.3765	7.715458	91.46297823478626
72.3042	7.4446983	89.70363792300056
60.6176	7.3650393	87.84999754570958
44.7115	7.2175045	83.85761409303812
31.6121	7.150489	77.38053541589173
25.7774	7.1324415	72.33064301966861
20.0286	7.121994	64.44088067953209
15.6029	7.1179667	54.38048788001291
11.5221	7.1183715	38.21984525813128
8.00639	7.121047	11.057950464711956
2.05949	7.1292515	-246.16586442871238
-0.4214	7.1328793	1792.662348748267
-2.45062	7.1380787	391.276437701662
-4.31368	7.150008	265.7519203956737
-5.76197	7.160275	224.26782730195742
-6.99123	7.1725373	202.59334678882462
-7.84001	7.186308	191.6619657111953
-7.29802	7.222664	198.96743932413972
-6.37885	7.241415	213.52226565694517
-5.61565	7.2510834	229.1227755553427
93.7083	7.6360397	91.85126619637283
87.2965	7.413311	91.50789883734029
75.1153	7.2938943	90.28973909231546
67.8083	7.2421656	89.31964815917246
75.657	7.2025614	90.47998117080256
83.392	7.176988	91.39367464335105
89.8661	7.159216	92.0334607671037
81.7413	7.1466813	91.25695025460155
60.2416	7.1526165	88.1267788308162
46.1321	7.158856	84.48183462299184
36.0373	7.1646347	80.11883608719926
29.9563	7.1728005	76.05578830501915
24.2265	7.183277	70.34950462785858
19.4483	7.195633	63.00122296746632
12.8214	7.2091413	43.77258778722025
9.0266	7.222774	19.98344757083831
5.58456	7.235532	-29.563151150676962
2.62391	7.2465067	-176.17208015355266
0.15738	7.2583055	-4511.9617845527655
-2.99053	7.2626476	342.8548650136265
-5.50914	7.2642074	231.8573828338139
-6.79203	7.263228	206.9375148791565
-7.80716	7.9637384	202.00558230690032
-8.47821	7.888384	193.04302968892856
-6.26815	7.6428957	221.93223520898746
-5.42073	7.476532	237.9248238161275
61.2781	7.3320255	88.03483833038071
83.443	7.237627	91.3262645719258
87.7042	7.2036157	91.78646721583497
90.8309	7.184053	92.09074076376176
90.7996	7.1774654	92.09526534319613
83.2334	7.175933	91.37854037850079
77.4575	7.179223	90.73140442426596
70.7071	7.181201	89.84373288751355
63.7115	7.1805143	88.7296398839224
56.325	7.179243	87.25389954163357
46.1567	7.177971	84.44869138099435
39.6929	7.1784573	81.91500526272492
33.6113	7.1805215	78.63658737525964
27.717	7.1843915	74.07947733539595
21.7845	7.190011	66.99483125990689
14.9983	7.197074	52.01406740075274
10.8266	7.209156	33.412558082954845
7.11516	7.2170944	-1.4326372583264015
4.00358	7.224044	-80.43959850006837
1.12119	7.2293143	-544.7894217925508
-1.17624	7.2324295	714.8770408399054
-3.30652	7.233138	318.7537846422301
-5.1073	8.082378	258.25149680919714
-6.4786	7.999256	223.47197891688793
-7.93161	7.880843	199.3599414974048
-8.23429	7.71354	193.6758355851137
-6.55388	7.518131	214.7126668933273
-5.36318	7.3662004	237.34762261584984
69.722	7.242426	89.61242649586885
55.122	7.247493	86.8519039091061
80.683	7.2552595	91.00770078755346
44.517	7.2594976	83.69274911858442
92.0518	7.2652817	92.10739888411621
93.3087	7.2735195	92.20488402521046
87.6561	7.2977743	91.67453778572336
76.2148	7.3205595	90.39483560245398
62.4387	7.3567734	88.21760673355722
34.306	7.380494	78.48629039647233
27.4371	7.3822384	73.09395477576483
22.0559	7.3811483	66.53435975718381
14.3611	7.3775873	48.62797963038654
9.97463	7.371899	26.09351058660745
6.18255	8.028788	-29.862074279252866
2.89158	7.9253664	-174.08427622115332
0.27612	7.773776	-2715.361320230328
-2.12375	7.557988	455.87936575436873
-3.98315	7.4593687	287.27309337862977
-6.22032	7.386373	218.74586478130973
-7.21827	7.3215995	201.4315017450676
-6.84	7.2681966	206.26017461720573
-5.28948	7.2230973	236.55589134761112
-4.41228	7.2112274	263.43539580051146
39.5737	7.2073703	81.78747307694384
73.0089	7.2090425	90.12579964330138
11.7902	7.3716917	37.476111025865166
82.3321	7.3815193	91.03445297765366
82.4129	7.3906555	91.03216212072849
80.3048	7.392952	90.79388556269501
75.1627	7.3922634	90.16498125962713
69.2163	7.386484	89.32840655184192
58.115	7.86094	86.47347707331892
47.0111	7.6135	83.8048916889909
39.7499	7.4498396	81.25821601470528
29.7781	7.369586	75.25165414448864
21.1818	7.3088655	65.49459792583116
8.32249	7.1844707	13.674022085852451
5.01877	7.18316	-43.125895713912726
1.07666	7.188391	-567.656534294454
-1.92657	7.198985	473.6684763255495
-3.69371	7.205957	295.0872300306025
-4.99634	7.2130837	244.36734807623225
-6.06426	7.2252336	219.1445213059777
-6.69189	7.235072	208.11702511987036
-5.85042	7.2467475	223.86714069843072
-5.51316	7.260363	231.69149454654433
-5.26504	7.28386	238.3438832943338
-4.59211	7.3006725	258.98294693870514
73.0613	7.340055	89.95356344121122
62.068	7.3618107	88.13912373083632
80.8986	7.9252024	90.20353672419431
78.8873	7.4808273	90.51706996459158
65.8359	7.2868595	88.93178694817146
56.6962	7.1534815	87.38278691927351
49.3672	7.1460214	85.52475540545919
42.8178	7.1469936	83.30836250111253
36.662	7.156834	80.47887760369329
30.3414	7.1648626	76.38585051502324
24.7236	7.172515	70.98920121117516
19.7635	7.1888824	63.62545728208879
11.2776	7.210202	36.06616627010573
4.41632	7.2307935	-63.72893554893953
2.04033	7.2463503	-255.15580939133167
-0.283994	7.2626305	2657.3184457088314
-2.94924	7.2787504	346.8008794496431
-5.71479	7.306788	227.85750897617422
-6.97365	7.3213396	204.98576254423648
-6.51042	7.3272657	212.54674680334628
-6.01625	7.330159	221.83932761781315
-5.28053	7.3302193	238.8159768482674
26.7413	7.3256893	72.60533647909297
99.7473	7.916748	92.06319558442286
96.971	7.758525	91.99913171981866
93.7899	7.521491	91.98048844770658
84.2445	7.36945	91.25230311820357
69.5228	7.1943226	89.65185374099643
57.6041	7.14041	87.60433464460843
50.1702	7.1230927	85.80214429686788
39.6449	7.1136017	82.0567047572843
18.9356	7.1317024	62.33706712566486
10.5913	7.1562386	32.432859529130006
7.25269	7.164653	1.2138532871119665
33.0237	7.1743317	78.27520383875873
0.469726	7.185644	-1429.7522635853984
-2.44821	7.1986394	394.036852572085
-4.0015	7.2130356	280.25828688495875
-5.42386	7.2282424	233.26749399696288
-7.50665	7.257597	196.68223505337687
-8.10759	7.2699714	189.66871902871802
-7.50579	7.2798834	196.990225962711
-6.74737	7.2869835	207.9973936874658
-6.22702	7.2911415	217.08878783815646
88.1255	7.7438793	91.21266725918046
115.347	7.575763	93.4322003349216
112.449	7.4466133	93.37778255726423
107.966	7.2764864	93.26038843019592
82.9752	7.105117	91.43705821910723
75.7227	7.087138	90.64067297483176
62.395	7.0893574	88.63793696380179
49.267	7.096031	85.59678601271942
41.7294	7.1047144	82.97432186451698
33.7411	7.1134624	78.91751489283187
22.0703	7.121048	67.73470116694104
12.4358	7.1281404	42.680481516664145
7.17579	7.135664	0.5591836967949837
4.11169	7.1443195	-73.7562767900456
1.64026	7.154576	-336.18546258010286
-0.714827	7.1731634	1103.4824457693683
-2.59866	7.194639	376.8595641846421
-4.29266	7.2093964	267.9470418926768
-6.19263	7.223441	216.64577636240128
-7.28311	7.241357	199.4267172343418
-7.94371	7.2502913	191.27084805620834
-8.55191	7.2564297	184.85156336424853
-7.3258	7.2603498	199.10657308617488
-6.42489	7.2585278	212.97513554096264
70.8928	7.433909	89.51387103463914
102.811	7.3442154	92.85658576737303
100.259	7.0972147	92.92112074226696
83.6587	7.0744014	91.54373431930306
69.244	7.0791016	89.77658537122835
60.3448	7.0852647	88.25869631551927
50.6665	7.0964417	85.99381610443491
43.4846	7.1042147	83.66269046137953
35.4612	7.112409	79.9431224875459
23.5521	7.127015	69.73935954269177
18.4911	7.1388383	61.39311509777236
13.8331	7.152379	48.29518422437085
9.86431	7.1672935	27.341158617907958
3.62767	7.1983423	-98.42880484577917
1.24284	7.2126875	-480.33917729057566
-0.964991	7.2251277	848.7249119232764
-2.76679	7.2350645	361.49668954751144
-4.40803	7.242176	264.29505980382095
-5.62627	7.246401	228.79583712139095
-6.66818	7.2478795	208.69351933008332
-7.32291	7.2455654	198.94380864288573
-6.50128	7.241518	211.38603796402157
-5.81845	7.8723173	235.2992179918103
-5.46678	7.7166014	241.15441972201728
58.7383	7.431176	87.34867166566231
42.2908	7.251833	82.85245211671112
60.4548	7.195918	88.09702607853185
85.0396	7.153282	91.58829244835286
98.9924	7.125668	92.80179962716372
113.776	7.094137	93.76481943623378
115.657	7.088919	93.87073784083981
107.406	7.0918765	93.39713490324813
98.7735	7.1010504	92.81077269117996
88.4613	7.1078615	91.96500155242005
68.1783	7.1141663	89.56535089711967
35.1922	7.1591187	79.65708676370863
28.3263	7.183959	74.63855802575142
22.8089	7.2017474	68.42571263308496
17.9731	7.219083	59.83395982693983
8.28652	7.253117	12.470891510989814
5.09623	7.261182	-42.48143801457562
1.17749	7.2654696	-517.0302369971679
-0.944542	7.266908	869.3579170790795
-3.60339	7.2658424	301.6390743955506
-5.02219	7.260403	244.56646489996103
-6.24134	7.948532	227.35297832025714
-7.67251	7.860345	202.4481523788689
-7.66653	7.632145	199.55149556729467
48.2385	7.1700487	85.1362543299229
91.5268	7.130505	92.20937663926641
104.331	7.1174784	93.17798417579453
12.0751	7.115815	41.07034148760905
108.308	7.1184173	93.42761760832835
86.027	7.1328363	91.70860851504882
20.5818	7.1408935	65.30481407711446
63.9702	7.146395	88.82855347751179
51.8644	7.152652	86.20893544624826
43.9517	7.1643686	83.69945200671361
37.3495	7.1740723	80.79205208648357
27.638	7.1851873	74.00250319662736
18.2117	7.221819	60.34516959050608
8.65362	7.244781	16.28034033144008
5.59882	7.2498093	-29.488159895387135
2.90989	7.2521906	-149.2255896228444
0.608687	7.252033	-1091.4224369528106
-1.47891	7.9659357	638.635575894108
-3.26724	7.892024	341.5501600359258
-4.91628	7.790333	258.4599152721396
-6.07304	7.643907	225.86624715532744
-7.29208	7.478653	202.55857081202674
-8.09364	7.385689	191.25298979108373
-8.64	7.333743	184.88128245348602
-7.27526	7.280179	200.06761342059545
81.6422	7.158827	91.23145992068409
89.2423	7.1634455	91.97303928378555
95.5749	7.1686907	92.49939711154765
100.299	7.173661	92.84772528064927
92.3036	7.1834593	92.21757689456398
59.377	7.203112	87.86884873067852
-7.9499	7.210041	190.69347328889634
35.5946	7.2289248	79.69095407725997
30.0768	7.235982	75.94164591644125
24.8547	7.2419147	70.86299684422272
19.9381	7.246185	63.65659211960387
15.49	7.248365	53.20616197983037
9.90888	7.247221	26.861352422577628
6.84123	7.243438	-5.879174598293355
106.35260845277996