12.3301	-0.8118637	106.5844064144867
70.305	-0.6163035	100.87661259876135
70.0201	-0.57141167	100.81606725014778
72.8582	-0.54334813	100.74576398975043
71.6896	-0.5582859	100.7787581310869
70.1383	-0.54802877	100.78135206289627
73.0264	-0.50624114	100.69322992867737
75.2611	-0.49525744	100.65804846267314
76.2043	-0.47399193	100.62200085099992
75.8918	-0.45561665	100.60035446840295
74.6773	-0.4436043	100.59402725941891
72.5312	-0.43993598	100.60654421478333
70.7277	-0.43683952	100.61763106551471
71.4421	-0.4377566	100.61274710037603
70.0286	-0.4500826	100.64271005684955
67.9773	-0.4576072	100.67317095179632
65.3242	-0.50447756	100.77226881864348
59.334	-0.5200438	100.87646614528484
56.2671	-0.53685373	100.95411666497063
49.7959	-0.5550695	101.11468813123885
42.5267	-0.5942113	101.39726710846915
35.676	-0.6159578	101.72653657959705
32.3388	-0.6402586	101.97984717523795
26.0861	-0.66425973	102.54640964524226
23.4759	-0.68812853	102.93121629413656
8.1717	-0.75430804	109.23073278304815
6.51014	-0.793685	112.19151917565637
5.01291	-0.81140786	116.186368014562
3.57962	-0.8276014	123.11981326246266
-0.738119	-0.8661359	-17.343665185081345
2.33447	-0.8755792	137.5065477864065
0.236575	-0.88338953	473.4078260146583
-1.75839	-0.89439136	49.1357785569031
-2.56602	-0.8977726	65.01303394288479
-3.35623	-0.78921276	76.48514258918897
-4.08772	-0.81623155	80.0321082242548
-4.78657	-0.8261464	82.7403265437458
-5.25444	-0.82958573	84.2117222970955
-6.51182	-0.7819744	87.99146267986968
-6.69004	-0.7306588	89.0784061703071
-6.03891	-0.6745098	88.83060002627815
-5.51155	-0.5732669	89.59880635629462
-5.56205	-0.5490425	90.12877059760311
-5.41803	-0.55370694	89.78028647388165
-5.08968	-0.5729477	88.74295672416835
-4.83933	-0.5753203	88.11157287292077
-4.78236	-0.5708216	88.06401540440963
89.2061	-0.5616291	100.6295872660087
89.8928	-0.42506188	100.47285665799471
86.5645	-0.4204988	100.48576693023257
86.1082	-0.41727763	100.48459319175494
85.9332	-0.42035574	100.48916689365483
86.2116	-0.42526323	100.49327752294329
85.9163	-0.4316619	100.50242331626384
80.1302	-0.44008237	100.5492045664662
71.6828	-0.46175307	100.64416267685922
72.9609	-0.48998302	100.67156875713613
67.1795	-0.50623626	100.75355315194136
70.4476	-0.52359873	100.74324420915195
69.0364	-0.54229015	100.7855127659224
64.9946	-0.5819133	100.89533103289928
62.5678	-0.60227495	100.96259715336872
59.8335	-0.6230481	101.04130107039258
54.1252	-0.6435067	101.18891960839537
47.6159	-0.6643663	101.39526440084146
41.4018	-0.688845	101.66380837857254
37.8178	-0.71199125	101.88268588476825
25.273	-0.8051633	103.18586003625117
23.1844	-0.82992846	103.57968863466422
20.5262	-0.83981305	104.09142101018061
17.6385	-0.8479307	104.80727328249954
15.838	-0.854317	105.39410057488412
13.9159	-0.8593691	106.17544868621786
11.7094	-0.8290455	107.08016878049511
8.12012	-0.83892804	110.33147561419183
6.68222	-0.8454762	112.65262372043334
5.237	-0.841155	116.06177303844153
3.94785	-0.7861188	119.91257894820437
2.75214	-0.7311968	126.56830206096829
0.351631	-0.5732637	263.02991716599803
-0.627156	-0.5515395	12.057053780617476
-1.50252	-0.5474145	63.56690797268275
-2.29674	-0.5530407	75.92062098408155
-3.12496	-0.56133884	82.0369249117573
-3.87519	-0.5669703	85.36922459313173
-4.49806	-0.5610915	87.52592462554261
-5.03731	-0.54029435	89.2741531265841
-6.00053	-0.52867085	91.18959811182799
-6.38922	-0.5061107	92.07867862820716
-5.60841	-0.49399167	91.19194455761792
-6.69279	-0.48156315	92.8047482587025
-5.57309	-0.46901566	91.58428103864115
57.0835	-0.4443708	100.77845659514236
-5.45318	-0.43258482	92.06729329379904
-5.38317	-0.4140225	92.30894740748916
-5.17957	-0.40704876	92.14126487961256
76.6194	-0.41483217	100.54142040882006
97.0131	-0.5304374	100.54676497976793
97.1223	-0.5499844	100.56628374485685
94.9764	-0.5702339	100.60039777497285
94.7023	-0.5905127	100.62354887930381
94.6132	-0.61086494	100.64564220340692
92.7489	-0.63100106	100.6803361810163
88.4695	-0.66935474	100.75659669982616
79.5064	-0.7285114	100.91628848227863
77.1205	-0.7470606	100.9686953483352
73.1953	-0.7791323	101.06445230456916
64.1528	-0.8131849	101.26757776172022
60.2016	-0.8210773	101.3638764608255
57.2573	-0.8272647	101.44481639754883
46.3084	-0.8289879	101.7901441982347
41.9442	-0.84078544	102.00453461532165
35.2237	-0.85003394	102.41324100180188
32.7044	-0.8554092	102.61557386208423
28.9784	-0.84988576	102.93282569694637
26.622	-0.8300844	103.11803716901085
23.7703	-0.7879264	103.31474875432127
16.499	-0.6721243	104.07373077333915
14.0518	-0.57338625	104.08051780936829
10.7588	-0.54512733	105.06680055053359
8.8161	-0.547947	106.21529840223505
-1.06843	-0.5533717	48.20701824462435
4.52601	-0.556802	112.30226604609844
3.20891	-0.55601364	117.32717920248123
2.07614	-0.55011576	126.49704948184203
1.03663	-0.5402594	152.1169040567818
0.00563671	-0.5175901	9282.485320010512
-1.93484	-0.49478728	74.4274862306503
-2.69666	-0.4698208	82.57768014675068
-3.37847	-0.45700926	86.47289089244923
-4.08465	-0.44424325	89.12408190768015
-5.32285	-0.43168598	91.8899479397063
-6.16744	-0.408158	93.38205431102487
-6.56729	-0.3990026	93.92439556641608
-6.91215	-0.38544923	94.4235959185225
-6.12942	-0.37784618	93.83553006478364
-5.85491	-0.3764146	93.57095527548826
-5.65676	-0.37653214	93.34367971369339
-5.61103	-0.38179153	93.19569518040129
-5.30047	-0.38679045	92.70271721807995
97.1455	-0.4377722	100.45063812258724
93.6838	-0.4528461	100.4833735540632
56.4682	-0.6427763	101.1382981598076
83.4742	-0.67777723	100.81196366371664
98.0847	-0.69359607	100.7071397224583
657.34	-0.72182363	100.10980645150508
103.062	-0.73794967	100.7160284211279
103.139	-0.7645156	100.74125087333151
100.754	-0.78399605	100.77812950267862
89.9509	-0.8389036	100.93262586636658
86.4169	-0.85004884	100.9836639287441
84.1027	-0.86257845	101.02562623208273
76.5167	-0.7877162	101.02947424404965
69.4752	-0.66863924	100.96241560606761
61.4762	-0.5691994	100.92588450072995
57.7018	-0.54550964	100.94539394973523
53.1414	-0.53921515	101.01467988074396
49.5872	-0.5441745	101.09740859037709
8.68432	-0.5477583	106.30743770432575
37.8873	-0.5417296	101.42984322882727
4.46576	-0.5205769	111.65707353189589
27.8527	-0.4971853	101.78505052032358
24.5712	-0.48493868	101.9736097003777
21.3915	-0.45881516	102.144845433121
19.4037	-0.43188924	102.22580530057277
14.7388	-0.4186042	102.84014910106613
12.6401	-0.39317447	103.11053066200999
-2.65884	-0.3826868	85.60699922157342
5.89786	-0.3740911	106.34282850376705
-4.73692	-0.3671543	92.24909581106017
1.00495	-0.35523933	135.34896013490655
-0.108142	-0.3564685	-229.63001187633893
-1.00838	-0.3593034	64.36825451994082
-1.85569	-0.37031275	80.04447454867635
-4.16369	-0.38828164	90.67458011099772
-5.28148	-0.42742974	91.90700922150518
-5.83865	-0.44365293	92.4014440072336
-6.37517	-0.4608572	92.77105748288612
-6.77215	-0.47930878	92.922356971033
-7.20565	-0.49848646	93.0820046901192
-7.31439	-0.5183727	92.91297671067451
-6.58416	-0.5385894	91.8199209964322
-6.03342	-0.5791758	90.40053666328433
53.5664	-0.65412194	101.2211412672312
72.4789	-0.6705112	100.92510974263665
105.836	-0.7115529	100.67231895650389
75.0005	-0.5089641	100.67861482863579
10.0659	-0.5549578	105.51324171867351
26.5725	-0.54193383	102.03945076686217
67.7273	-0.5276279	100.77904481312872
73.2901	-0.51105994	100.69731467331788
55.3548	-0.49445754	100.89325087318669
73.95	-0.4797203	100.64871005967952
73.6939	-0.46851283	100.63575612366522
71.8207	-0.46203882	100.64331887955012
67.6903	-0.4612165	100.68136762236367
61.9853	-0.46673006	100.75296598440009
48.4076	-0.6716874	101.387567394881
41.2549	-0.7220791	101.75028953579495
34.6128	-0.7716951	102.22950518309396
28.4228	-0.8182991	102.87902084945422
22.5888	-0.85994476	103.80695424661765
17.1434	-0.8952212	105.22196122219219
12.9971	-0.92331904	107.10403760604565
7.20828	-0.94419295	113.09873301060756
4.09102	-0.95822555	123.42265992236602
0.222177	-0.9660892	534.8286115280932
-1.82157	-0.7650724	57.99928365923043
-3.46358	-0.7895892	77.20309070359703
-4.90354	-0.7866369	83.95777728313277
-5.84153	-0.7277357	87.54203883964313
-5.79222	-0.525461	90.92815558789597
-5.54312	-0.5089641	90.81809395716817
-5.24678	-0.53951937	89.71713473100557
-4.55549	-0.54193383	88.10371636526926
55.3548	-0.49445754	100.89325087318669
67.7273	-0.4612165	100.68099535966091
73.2901	-0.46673006	100.63682299495747
73.95	-0.50607854	100.68435517015047
73.7063	-0.55738145	100.75621851202878
73.0625	-0.5997477	100.82086802956587
67.6903	-0.6968296	101.02943959420682
61.9853	-0.74712425	101.2053240695439
48.4076	-0.94419295	101.95050939489646
41.2549	-0.95822555	102.32269428949881
34.6128	-0.9660892	102.79112734194754
28.4228	-0.74884087	102.63464658774922
22.5888	-0.6212557	102.75028271886679
17.1434	-0.525461	103.06509321958563
12.9971	-0.5089641	103.91598543839955
7.20828	-0.53951937	107.48471623635571
4.09102	-0.55985683	113.68501930942057
1.32477	-0.5549578	141.8908850338559
-2.6772	-0.5352114	80.00854217444827
-4.20616	-0.5194847	87.64942964805293
-5.3804	-0.50262946	90.65814320127315
-6.33986	-0.48673826	92.32257166817719
-5.79222	-0.46851283	91.91133964910004
-5.54312	-0.46203882	91.66464010240207
-5.24678	-0.46314412	91.1727896052955
-4.55549	-0.49286896	89.18077092768085
73.2901	-0.57785684	100.78845297034856
73.95	-0.6716874	100.9082951897981
73.7063	-0.74712425	101.01364975604585
51.4271	-0.9346854	101.81749453650856
41.2549	-0.952066	102.30776094630238
34.6128	-0.9629044	102.78193577852431
24.8254	-0.968043	103.89940301908648
20.0159	-0.79495627	103.97162366343895
11.0803	-0.67774767	106.11669093965962
7.20828	-0.56618494	107.85464758254344
2.55845	-0.5068572	119.81110281628308
0.222177	-0.5228483	335.32961601862263
-2.6772	-0.5529408	79.34630101671647
-4.20616	-0.55956	86.6966532089432
-5.3804	-0.5489314	89.79756932169288
-6.33986	-0.5352114	91.55799077141772
-6.7408	-0.5194847	92.2934291572684
-5.39065	-0.50262946	90.67590551872037
-5.36571	-0.48673826	90.92872658486058
-5.15024	-0.47358805	90.80454512965478
-4.75065	-0.46462303	90.21980189373808
10.0659	-0.4608696	104.57852547750274
61.9544	-0.47301596	100.76348869224222
74.7304	-0.55738145	100.74585533548891
73.6939	-0.6716874	100.91145163365896
73.0625	-0.7716951	101.05621625053465
-6.6898	-0.8952212	86.61811620591342
51.4271	-0.92331904	101.79539727085788
31.2959	-0.968043	103.0931922807473
24.8254	-0.7650724	103.08181091714219
20.0159	-0.79495627	103.97162366343895
11.0803	-0.67774767	106.11669093965962
7.20828	-0.56618494	107.85464758254344
4.09102	-0.5068572	112.38951121925531
1.32477	-0.5228483	139.46710584095567
-2.6772	-0.5529408	79.34630101671647
-4.90354	-0.55956	88.5886562209698
-5.84153	-0.5489314	90.6029479756707
70.0169	-0.5352114	100.76440068408255
-5.79222	-0.5194847	91.03134014962832
-5.54312	-0.50262946	90.93237583727499
-5.24678	-0.4797203	90.85686605694022
-4.75065	-0.46851283	90.13791757065133
10.0659	-0.50607854	105.02765503022731
61.9544	-0.5997477	100.96804538939598
74.7304	-0.8182991	101.09500061408487
73.6939	-0.91017264	101.23507033237821
73.0625	-0.9346854	101.27929478654299
48.4076	-0.7277357	101.50335364839782
41.2549	-0.6212557	101.50589127324088
34.6128	-0.5068572	101.4643681439368
28.4228	-0.5228483	101.83953772356544
22.5888	-0.5529408	102.44785184746108
17.1434	-0.55956	103.26400112860601
12.9971	-0.5489314	104.22348929412134
7.20828	-0.5276279	107.31974810375621
4.09102	-0.51105994	112.4922329308347
1.32477	-0.47358805	135.74869593887362
-3.46358	-0.46462303	86.58546969510591
-4.90354	-0.4608696	90.60128444982914
-6.33986	-0.46673006	92.63816360990249
-6.7408	-0.49286896	92.68827279658404
-5.39065	-0.55738145	89.66021442524784
-5.36571	-0.5997477	88.82258485490027
-5.15024	-0.64694005	87.43863900905448
-4.55549	-0.6968296	84.70352135932644
67.7273	-0.79550904	101.17457702936966
73.2901	-0.87844473	101.19859092177201
74.7304	-0.91017264	101.21794009900702
73.6939	-0.952066	101.29191764914034
73.0625	-0.9629044	101.31792079902695
67.6903	-0.968043	101.43010219556298
61.9853	-0.7650724	101.23427956571555
8.46548	-0.7895892	109.32716091871539
31.2959	-0.7277357	102.32533817973052
24.8254	-0.6212557	102.50250102587967
17.1434	-0.525461	103.06509321958563
7.20828	-0.5089641	107.06082526800044
4.09102	-0.5529408	113.51596499139634
1.32477	-0.5549578	141.8908850338559
-0.833492	-0.54193383	34.98031812095175
-2.6772	-0.5194847	80.59596806160054
-4.20616	-0.49445754	88.2444444520022
-6.33986	-0.47358805	92.52999289241218
-6.7408	-0.46462303	93.1073020854835
-5.39065	-0.4608696	91.45057077338795
-5.36571	-0.46314412	91.36844292338849
-5.15024	-0.47301596	90.81565538075016
-4.75065	-0.49286896	89.6252321753798
67.7273	-0.94419295	101.3941068718766
73.2901	-0.95822555	101.30744679522147
71.8207	-0.76279026	101.06207103001026
70.1922	-0.525461	100.74860068746092
31.2959	-0.50262946	101.60605775269661
24.8254	-0.4797203	101.93238006619565
20.0159	-0.46851283	102.3407066220854
11.0803	-0.4612165	104.16249481324542
7.20828	-0.47301596	106.5621171699756
4.09102	-0.50607854	112.37047745606354
1.32477	-0.55738145	142.07382432932457
-0.833492	-0.5997477	28.043972703885068
-2.6772	-0.6716874	74.91082680536479
-4.20616	-0.7220791	82.83282074722732
-5.3804	-0.7716951	85.65729107334177
-6.33986	-0.8182991	87.09278598639405
-5.79222	-0.85994476	85.15345060732685
-5.54312	-0.91017264	83.58014118995094
-5.24678	-0.9346854	82.18554532983075
8.46548	-0.7895892	109.32716091871539
10.0659	-0.76279026	107.57796810398546
61.9544	-0.56618494	100.9138737615121
75.5654	-0.5089641	100.67354178521538
74.7304	-0.53951937	100.72195554025534
73.7063	-0.55985683	100.75958261151834
71.8207	-0.54193383	100.75456120627814
67.6903	-0.5276279	100.77947067407413
55.3548	-0.49445754	100.89325087318669
48.4076	-0.4797203	100.99100361377936
41.2549	-0.46851283	101.13565532179506
34.6128	-0.46203882	101.3348817186857
28.4228	-0.4612165	101.62269717220138
20.0159	-0.46673006	102.33179685034328
12.9971	-0.48182565	103.70717954877765
7.20828	-0.50607854	107.0207971113576
4.09102	-0.5384881	113.16268062988819
1.32477	-0.6228605	147.0164967511853
-1.82157	-0.6716874	63.125904056277975
-3.46358	-0.7220791	79.15223378978637
-4.90354	-0.7716951	84.26248963263272
-5.84153	-0.8182991	85.99169541089333
-6.7408	-0.85994476	87.24268881041266
-5.39065	-0.91017264	83.11571893952876
-5.36571	-0.9346854	82.58039908434493
-5.15024	-0.952066	81.51414390515697
-4.75065	-0.9660892	79.66406148450717
70.1922	-0.525461	100.74860068746092
75.0005	-0.5089641	100.67861482863579
9.01492	-0.5549578	106.15598780005435
70.0169	-0.5352114	100.76440068408255
61.9544	-0.5194847	100.83849650889165
58.8381	-0.50262946	100.85425654926671
73.95	-0.47358805	100.6404152206582
73.7063	-0.46462303	100.63037013789288
71.8207	-0.46314412	100.64485919060584
67.6903	-0.48182565	100.7118106764388
54.2941	-0.6228605	101.14719635311859
48.4076	-0.6968296	101.43950690328155
41.2549	-0.7716951	101.87055149344991
34.6128	-0.87844473	102.53791850543857
28.4228	-0.92331904	103.2485147868372
22.5888	-0.94419295	104.17991601309699
17.1434	-0.95822555	105.5894702305131
12.9971	-0.9660892	107.43311398576814
4.09102	-0.8166798	119.96274604169407
0.222177	-0.7606576	442.36558358035916
-1.82157	-0.5581755	69.35745358591511
-3.46358	-0.56570905	83.66692464060958
-4.90354	-0.56395334	88.49905610645591
-5.84153	-0.53745824	90.79935506705971
71.144	-0.5178376	100.72787240645724
-5.39065	-0.4962209	90.79478199580859
-5.36571	-0.4644069	91.3449108121431
-4.55549	-0.43127853	90.53277026196008
10.0659	-0.42119402	104.18436585758921
73.95	-0.46364552	100.6269722166224
73.7063	-0.4959498	100.67287165329031
46.8285	-0.6261311	101.33707673872436
74.4333	-0.6979037	100.93762674735174
51.4271	-0.74299055	101.44474875060324
76.6717	-0.85759634	101.11853181343216
31.2959	-0.8818181	102.81768142678615
24.8254	-0.78354484	103.15622128698978
20.0159	-0.81944376	104.09396864675146
12.9971	-0.79950744	106.15142723158405
5.60887	-0.5949865	110.60795553520111
2.55845	-0.52769595	120.62560916275841
-0.833492	-0.54810864	34.23948282550903
-3.46358	-0.55987006	83.83551060082918
-4.90354	-0.5386618	89.0148353634362
-5.79222	-0.5189809	91.04003353539419
-5.54312	-0.49796683	91.01648936559148
-5.24678	-0.4760608	90.92660880218153
-4.55549	-0.4367606	90.4124380924169
9.92886	-0.42229635	104.2532227904584
78.6322	-0.44176227	100.5618115981402
77.3087	-0.4790898	100.61970751818365
54.7039	-0.6581406	101.2030990427745
47.3904	-0.72218925	101.5239180466017
40.0891	-0.76596886	101.91066480656748
33.381	-0.80352455	102.40712981889645
27.279	-0.8334761	103.05537974550785
21.0529	-0.8647943	104.10771800822684
14.3437	-0.8824716	106.1523317770866
10.33	-0.8011461	107.7555325574074
70.607	-0.8221653	101.16442621351261
4.31837	-0.81763464	118.9338710671205
1.72735	-0.69765145	140.38853663980183
-0.367167	-0.58526164	-59.39930584866332
-3.00205	-0.52117044	82.63951662667941
-4.55204	-0.5475629	87.97104014950264
-5.5325	-0.5456732	90.13694729227589
-6.72123	-0.5289034	92.13085280552768
-5.61604	-0.48966032	91.28104067945412
85.0746	-0.4480093	100.52660332827007
88.0718	-0.47574478	100.54017989132991
86.5389	-0.5295103	100.61187568143285
80.9638	-0.5714868	100.70585550231543
76.6341	-0.6165417	100.80452303405268
73.8782	-0.68521076	100.92748769203426
59.9248	-0.8170025	101.36337765144621
53.3149	-0.8528723	101.59968592278534
45.8791	-0.87723976	101.91206717657231
38.8425	-0.885434	102.27954746694469
32.066	-0.80184287	102.50059779369515
26.2595	-0.8244172	103.13950036538841
15.8704	-0.7473944	104.70935570559573
10.3443	-0.6356488	106.14491759539808
6.94269	-0.53865725	107.75862376849912
3.8934	-0.5136054	113.1916926672171
1.48498	-0.5429502	136.56280066131944
-1.55142	-0.523719	66.24259830797831
-3.12022	-0.49566406	84.11444935570775
-5.09275	-0.47522956	90.66850457258997
-6.0707	-0.45507783	92.50370409469475
-6.7603	-0.43689758	93.53730242202066
-5.74378	-0.42216486	92.65005089003601
-5.36832	-0.4119522	92.326239500637
13.2718	-0.51245135	103.86120323003837
6.31919	-0.59822494	109.46680056038566
-4.20373	-0.81090075	80.70997262774448
69.0662	-0.86914474	101.25842778547043
82.5061	-0.88491017	101.07253954045777
91.0287	-0.7862205	100.86370201974401
83.4965	-0.810595	100.97081035700394
79.6314	-0.7424424	100.93234485406249
68.0541	-0.5741984	100.84373441351428
56.6049	-0.5104428	100.90176758172163
49.0149	-0.5263435	101.0738454981811
41.6029	-0.53487283	101.28566504654202
31.1815	-0.49994034	101.60332530670563
25.388	-0.46955234	101.8495075813125
19.8069	-0.43205577	102.18134299900237
9.20417	-0.4095648	104.44977615385827
68.5151	-0.4191044	100.61169806148071
-0.0149128	-0.4380315	-2837.285302848144
-2.6439	-0.46444076	82.43349456954981
-5.95308	-0.53726536	90.97500311185522
-6.78679	-0.6043425	91.09531206856214
-6.75052	-0.67525774	89.9969534219683
-6.05066	-0.72123617	88.08004063943112
-5.62743	-0.7637492	86.42810078925052
7.09053	-0.81788117	111.53483754686222
-6.15627	-0.77882487	87.34907983604833
9.41815	-0.6822383	107.2438704262992
62.7765	-0.5683221	100.9053088682436
76.2862	-0.5041916	100.66091708308393
-5.59318	-0.5086215	90.90639535423989
88.8734	-0.5011905	100.56393723858926
76.6616	-0.4534183	100.59144986225876
60.7813	-0.41730267	100.68656178921167
52.6384	-0.41008323	100.77905818321987
44.4362	-0.41349262	100.93053437886498
37.0225	-0.426377	101.15166818371875
30.6615	-0.44738728	101.45911870499233
24.1954	-0.47569972	101.96607774096718
19.4012	-0.5302647	102.73315010810262
12.3355	-0.6188677	105.01696636545901
82.3856	-0.6659973	100.80839417156822
4.16266	-0.7124308	117.11479998639133
1.74081	-0.79543966	145.69364745110465
-0.515216	-0.86731297	-68.33968271229736
-2.31635	-0.8844878	61.8154478483607
-4.49012	-0.8954287	80.05780089001561
-6.90811	-0.81202203	88.2453783668063
-6.33219	-0.73251635	88.43186504979643
-5.67442	-0.49506825	91.27544165307226
6.3824	-0.499054	107.81922086165544
-6.94768	-0.43082923	93.79895089620757
78.1623	-0.48125583	100.61571189302295
88.2096	-0.57497245	100.65182706270274
85.9932	-0.61963004	100.72055568385584
69.5552	-0.7119047	101.02351290302377
53.8976	-0.77651566	101.44072460678557
38.2017	-0.8599462	102.25107061409702
87.1995	-0.8982361	101.03009664625822
22.8191	-0.9110425	103.99245890512864
17.2912	-0.8091069	104.67929812237931
13.3384	-0.77103895	105.78059599068405
9.56601	-0.67584425	107.0650580433707
2.26574	-0.4926991	121.74561795066548
0.0172604	-0.49546474	2970.528479302079
-2.69117	-0.51383	80.90681930634409
-4.31422	-0.51206833	88.13068695202858
-5.84231	-0.4964698	91.50216303798857
-6.17348	-0.4402035	92.86944050565371
-5.46583	-0.43182594	92.09953243029813
39.9065	-0.7412618	101.85749312940614
68.5128	-0.8036209	101.17294777012754
81.8898	-0.8701934	101.06263963344531
86.3514	-0.89449877	101.03588443126063
80.901	-0.9240349	101.14217884512955
72.3852	-0.93009216	101.2849199166118
52.3995	-0.80080754	101.5282739823161
44.6534	-0.7948453	101.78003371200896
37.7593	-0.67911357	101.79853782045414
22.4683	-0.49446386	102.20071376060497
17.3697	-0.5152572	102.96641218440219
12.8874	-0.5307521	104.11838070871485
7.73811	-0.51586586	106.66656067697342
2.27122	-0.5005916	122.04064438373926
-0.0312682	-0.48467582	-1450.0597724856896
-1.85794	-0.46336657	75.06020007019332
-3.5951	-0.45134443	87.44556481482587
-6.97797	-0.45569795	93.46947600442371
-6.39375	-0.46781522	92.68323933193652
-5.91492	-0.48841196	91.74271307976808
-5.48499	-0.51721865	90.57029131368917
77.7049	-0.71736604	100.9231966776034
56.1236	-0.7603181	101.35472199933865
86.8744	-0.87286526	101.0047422449905
82.6383	-0.9236501	101.11770531447574
63.5452	-0.9505144	101.49580444655007
34.047	-0.7877349	102.31366923627739
28.1606	-0.8040381	102.85519123369839
19.9991	-0.775094	103.87563984890068
15.5375	-0.63999647	104.11903819300588
11.3308	-0.5160175	104.55411719602515
6.27772	-0.5192271	108.27094916626872
3.51756	-0.55171174	115.68449602798373
-0.90721	-0.53624827	40.890392391608714
-2.54819	-0.5250984	79.39328308578199
-5.38976	-0.51251835	90.49088634261648
-6.39833	-0.49567753	92.25301829125377
-6.95346	-0.48671657	93.0003662618585
-6.23317	-0.48724073	92.1830980258807
33.2487	-0.5095238	101.53246686791464
68.2084	-0.56436616	100.82741895017914
84.6865	-0.68843704	100.81292580406772
86.063	-0.7350878	100.85412372733357
85.0563	-0.78130823	100.9185810574141
82.3846	-0.8251547	101.00159154475412
59.7322	-0.91382843	101.52987801209801
45.0596	-0.92682916	102.05689858470599
32.082	-0.9476252	102.95375657661309
16.2077	-0.9615845	105.9328840484081
12.1899	-0.9661105	107.92549732096691
6.9264	-0.96913344	113.99187675043031
4.06689	-0.97076315	123.86991689184262
1.49277	-0.9710904	165.05291136697187
7.23767	-0.8054915	111.12915418354416
7.23767	-0.83212787	111.49717488441212
44.9843	-0.4489984	100.99812047864194
68.8573	-0.42419297	100.61604846129708
74.8175	-0.40200526	100.53731823623953
79.548	-0.38328642	100.48182925934505
82.3162	-0.36881882	100.44805298262203
79.6774	-0.3567732	100.44777237004232
77.275	-0.3586288	100.46409228373271
73.4874	-0.37868947	100.5153164302014
67.4564	-0.4172334	100.61852743465724
60.0477	-0.4714027	100.78504459396343
52.7531	-0.5361163	101.01627684439893
45.2647	-0.5816465	101.2849879528429
38.0316	-0.62636465	101.64696106905726
31.3516	-0.68740374	102.19256630724765
22.7496	-0.72179586	103.17278568854654
17.5472	-0.75024027	104.27555597488899
11.7779	-0.7723898	106.55795539813974
6.67331	-0.78844076	111.81483742880019
4.0386	-0.81396574	120.15465269852335
0.665701	-0.8451639	226.95848695213522
-2.03892	-0.82739145	59.420113776551275
-3.38287	-0.7378045	78.18998596426685
-5.25547	-0.62639076	88.08116195235884
-6.06925	-0.5549683	90.85606380822335
-6.56872	-0.54918486	91.63939381532744
-5.78918	-0.5576101	90.36806501059651
-5.64868	-0.5481613	90.29575960644061
-5.27554	-0.52294976	90.08727622243339
91.9853	-0.4708987	100.51193125281327
86.454	-0.44426066	100.5138682204672
86.9919	-0.37614256	100.43239016463662
84.8734	-0.41452962	100.48840732629867
83.8031	-0.43906838	100.5239324705214
81.7769	-0.46936923	100.5739615634862
58.0794	-0.54020447	100.93011136955748
65.8233	-0.5774005	100.87719725272127
62.5664	-0.6137895	100.98101955405531
49.1318	-0.6882004	101.40072596935605
42.1067	-0.71990734	101.7097180209601
35.4673	-0.7447261	102.09974896585548
24.0653	-0.7760511	103.22476997178761
19.1602	-0.81977373	104.27852852576332
14.7344	-0.85393673	105.7955339945831
11.2667	-0.82178205	107.29390262782492
8.06741	-0.65769213	108.15245434813524
5.00615	-0.55689615	111.1242418911295
2.62975	-0.528434	120.09445899721767
-1.29741	-0.52554137	59.49303916473652
-2.87447	-0.5025173	82.51791724578504
-4.24041	-0.4781893	88.72304218791325
-5.21092	-0.45330554	91.30085025829305
-6.78855	-0.40425152	94.04509679649405
-6.03771	-0.38293213	93.65765871352352
-5.80824	-0.36791795	93.66558512513421
-5.43176	-0.3602839	93.36708796752869
71.3475	-0.36480516	100.5113102914349
99.1083	-0.46761256	100.47182044665094
104.512	-0.54392296	100.52044015894475
100.007	-0.5839043	100.58386718825693
96.2117	-0.6226371	100.64715090249044
81.6339	-0.70388097	100.8622401720985
75.0003	-0.7276053	100.97013978724654
67.9849	-0.7490545	101.101794574004
60.1202	-0.77427477	101.28787479814595
51.9277	-0.8216376	101.5822695772683
44.052	-0.85039073	101.93042636855475
19.3148	-0.8391525	104.34461282742993
29.9538	-0.76355237	102.54909796720898
14.9857	-0.5104721	103.40639616078892
11.0723	-0.51570946	104.65765811081823
8.00839	-0.51755863	106.46271003212182
-0.389934	-0.46472698	-19.18093331297261
-2.14856	-0.4404456	79.5004257791581
-3.52748	-0.41613477	88.20305578999526
-6.29128	-0.37347108	94.06366792812062
-7.05569	-0.352688	95.00136988578788
-7.52161	-0.349191	95.35749395570257
-6.50322	-0.35293394	94.57293649525624
-6.1204	-0.36373574	94.05699498940781
85.0547	-0.38137323	100.44838266675876
96.3429	-0.40561217	100.42100571775559
70.9638	-0.6892219	100.97123358319267
95.6998	-0.76274043	100.79701430948971
107.735	-0.7758507	100.72014515642684
103.234	-0.78379256	100.75923685953686
83.9059	-0.8316992	100.99122417622426
76.2729	-0.75305325	100.98731230073254
67.6944	-0.6304726	100.9313477984501
58.9525	-0.5294835	100.89815326007871
50.52	-0.4964065	100.98259412248183
38.5899	-0.50318295	101.3039200538626
31.2637	-0.4980504	101.59306378313268
20.0905	-0.44965583	102.238150048874
15.3543	-0.41217405	102.68442219482426
11.7718	-0.38890606	103.30371292003558
8.36948	-0.36891967	104.40791263846228
2.93944	-0.34301287	111.6693250536037
0.764144	-0.34149927	144.69043367389722
-1.97425	-0.35400468	82.06889967996902
-3.56041	-0.38220495	89.26514061527142
-4.62169	-0.409159	91.14697866964853
-5.83144	-0.4418562	92.42285976697497
-6.74646	-0.4794498	92.89331365236036
-7.36521	-0.52053386	92.93252962828804
-7.28795	-0.5849467	91.97378372159167
-6.18945	-0.6270657	89.86879803319158
94.734	-0.732243	100.77294993345802
82.5381	-0.7567795	100.91688871051022
68.4125	-0.8389526	101.22631263227025
88.9924	-0.6857459	100.77056606025234
17.3543	-0.56439143	103.25217441574581
57.9696	-0.49207646	100.84885330936973
101.026	-0.48291892	100.4780133638632
66.8402	-0.43018466	100.64359980317043
41.3943	-0.3665617	100.88553714510941
33.8799	-0.34897262	101.03002754178868
25.0886	-0.3443516	101.37253897244659
13.1595	-0.36751086	102.79274130616021
9.48331	-0.3894779	104.10698100386657
-5.50197	-0.433492	92.12114572932435
3.80697	-0.46918613	112.32439662619072
-1.26752	-0.55084985	56.54112942605134
-2.90541	-0.5937889	79.56264858540905
-4.30547	-0.6359753	85.228665804651
-6.38544	-0.72801834	88.59877630432675
-6.84277	-0.75645953	88.94512453338177
-7.10231	-0.7791577	89.02951830136833
-5.89208	-0.7961095	86.48847776493622
83.7542	-0.78686255	100.93949342087704
10.4141	-0.6815528	106.54452047738205
95.2267	-0.5607645	100.5888769940025
54.8379	-0.47710222	100.8700194345545
75.9415	-0.4668532	100.61474989863171
89.1178	-0.4024486	100.45159392537253
69.3188	-0.37682194	100.54360925906644
98.6061	-0.365722	100.37089251970231
46.7609	-0.3603645	100.77065030283268
92.4191	-0.36102992	100.39064499309698
85.2193	-0.36766583	100.43143766119265
60.2499	-0.43098646	100.71533447510629
39.9456	-0.49947685	101.25039404578084
33.1257	-0.5390038	101.62715127093232
23.8123	-0.58039373	102.43736574856044
19.2669	-0.62241286	103.23048162413859
15.1169	-0.6634857	104.38903153126583
9.58859	-0.7023478	107.32482856948201
3.94882	-0.7684646	119.46061210856878
1.66219	-0.7940245	147.76977880669503
-0.29415	-0.8140947	-176.76176662374888
-2.05966	-0.8285931	59.77039741446768
-4.19515	-0.83784264	80.02830117800144
-5.28638	-0.8424304	84.06413044086138
-7.01262	-0.8212485	88.28899135282082
-7.44468	-0.8087589	89.13642074049554
9.78735	-0.48374408	104.94253993557301
51.202	-0.41133946	100.80336472959881
74.9952	-0.39737135	100.52985974953027
83.2471	-0.39076132	100.46940052591042
87.6642	-0.39757913	100.45352079776355
92.3698	-0.413804	100.447985288625
94.5638	-0.43938142	100.46464342000019
78.2119	-0.5260934	100.6726502454789
65.673	-0.56608325	100.86197652828085
49.6975	-0.64950603	101.30691812902171
35.942	-0.748038	102.08123982432568
29.4242	-0.797749	102.71119882308366
24.5368	-0.8251582	103.36294488256306
19.6005	-0.8474744	104.32374198240672
15.3068	-0.8643728	105.64698835408066
11.4715	-0.8759306	107.6357124686376
5.60421	-0.7780482	113.88327797101647
3.19453	-0.8110536	125.38882872609027
0.95183	-0.7776212	181.69748021454993
-0.922055	-0.6853818	25.668010557020658
-2.55219	-0.57153755	77.60599798536357
-4.00513	-0.4987617	87.5469291372706
-5.28845	-0.4950276	90.63945836338483
-7.55013	-0.5069098	93.28607779448609
-7.60782	-0.49386197	93.50849323602901
10.6261	-0.5562431	105.23468595680612
89.1813	-0.59790796	100.67044104325277
93.5084	-0.64230233	100.68689386947956
90.5394	-0.6876717	100.75953175059281
62.2921	-0.7322605	101.1755289506721
79.7512	-0.77436453	100.97098013239838
85.357	-0.81270987	100.95213468320678
58.5981	-0.8744554	101.49229158773372
86.0337	-0.91906625	101.06826440466278
65.8377	-0.7677713	101.1661538315349
9.43417	-0.7960524	108.43796538044593
51.2485	-0.812831	101.58605981754272
34.2082	-0.6615301	101.9338333180559
28.9162	-0.56105584	101.94028304102717
23.5374	-0.52231616	102.21908959662169
16.8593	-0.54362804	103.22450322876836
13.0718	-0.5532641	104.23249785361634
9.56124	-0.55150443	105.76812342136753
6.63857	-0.5462633	108.22862802926859
3.88653	-0.5391243	113.87161554350797
0.494685	-0.53125864	207.39332077585505
-2.18077	-0.52456397	75.94592520322928
-3.7899	-0.52047247	86.26685353975684
-4.98933	-0.5281487	89.41443699423026
-6.18611	-0.54358774	91.21277049871917
-8.07452	-0.6123565	92.41618505711992
-7.36273	-0.6494985	91.17856473941315
39.791	-0.86832327	102.18221274105615
82.8591	-0.9193297	101.1095061115005
85.5153	-0.93510777	101.09349368314378
87.9973	-0.94451696	101.07335003644015
89.9295	-0.9481452	101.05431814863515
86.4336	-0.8550857	100.98929960874833
82.0308	-0.8721624	101.06321267945945
76.1205	-0.85018545	101.11689915854704
69.6352	-0.7139321	101.02525137706148
62.409	-0.57288855	100.91795641175553
51.5209	-0.5740914	101.11429120395205
38.2325	-0.495609	101.29630368713345
31.4357	-0.4647699	101.47847629079153
26.2569	-0.4179719	101.59185795796044
18.5315	-0.37413937	102.01893958146503
14.0454	-0.34806734	102.47815862781816
10.6777	-0.30475622	102.85413678349609
7.4364	-0.28895265	103.88565475114524
4.71703	-0.27983695	105.9324856664189
2.20007	-0.28053528	112.75119579373633
0.12558	-0.2900452	330.9645019401293
-1.70259	-0.30805975	81.90640762451024
-3.29858	-0.34972125	89.39782571283331
-5.32334	-0.40536922	92.38505738117476
-6.43904	-0.44719118	93.05500158994097
-7.24905	-0.49017507	93.23807619343313
-7.84733	-0.53204304	93.22007646087596
42.4028	-0.86838394	102.0479432583279
91.0334	-0.7640739	100.83933613422137
74.6664	-0.5235037	100.70112685882864
48.5117	-0.48873335	101.00745841154526
87.4518	-0.45721585	100.52281870540779
90.0091	-0.42626864	100.47358491797493
89.169	-0.3698004	100.41471448400817
80.8209	-0.35442764	100.4385389824963
68.039	-0.33545357	100.49303611299743
37.3864	-0.36968094	100.98881499333716
31.5316	-0.3925963	101.24509123111802
25.179	-0.4187085	101.66292857960974
18.0571	-0.46238238	102.56067288038254
13.805	-0.4917434	103.56206502642517
10.0048	-0.5198179	105.19568921052965
6.84733	-0.5657188	108.26188664928678
3.93753	-0.5956896	115.12851374836681
1.60835	-0.6199203	138.5438641404739
-0.567745	-0.6458779	-13.76197615163178
-3.13595	-0.87836736	71.99038890216836
-4.71432	-0.8003647	83.02269040481474
-5.86847	-0.61652833	89.49422096592578
-6.70638	-0.5417157	91.92238389715577
-7.09701	-0.52367836	92.62114196322923
18.6682	-0.51208097	102.74306659924743
66.9205	-0.3674454	100.54907971403438
86.1944	-0.33226544	100.38548649668711
79.8643	-0.4363069	100.54631392855963
84.1102	-0.46874672	100.55730459054259
82.5103	-0.50072235	100.60686337876186
76.3795	-0.5308214	100.69498064870055
71.466	-0.557926	100.78068219376735
61.0847	-0.5814336	100.9518460889373
49.4668	-0.60919744	101.23152437743038
42.1939	-0.6311391	101.49580349769703
31.889	-0.64781326	102.031458781675
23.3584	-0.86223346	103.69132347622742
10.6587	-0.65035576	106.1016384709394
7.86443	-0.5423016	106.89562572512241
4.00594	-0.49496478	112.35576679861423
0.766211	-0.4901623	163.9722387291308
-0.912686	-0.47338384	48.13289029167997
-2.56191	-0.42826563	83.2833477379079
-3.70841	-0.39934272	89.23142876081243
-4.91497	-0.3566237	92.74413363008988
-5.76752	-0.318698	94.47426394538206
-6.48342	-0.29953843	95.37992884605895
-6.27221	-0.28866953	95.39764165093861
-5.55307	-0.28555304	94.85774580546595
83.7107	-0.3630908	100.43374444467432
78.7739	-0.4279533	100.54327081904567
64.9342	-0.49892634	100.76835362948542
57.6996	-0.5488942	100.95129424253075
85.4738	-0.6239274	100.72995964910808
82.0174	-0.6559643	100.79979088731962
72.7286	-0.85158783	101.17090854694318
53.4274	-0.47695476	100.8927168935557
48.4832	-0.46731836	100.96387921552089
43.2444	-0.4334398	101.00230587512989
37.8114	-0.4003548	101.05882426529696
31.8566	-0.35437602	101.11240948931187
26.3437	-0.3261842	101.2381833760194
21.6031	-0.30198413	101.3978771077372
13.3132	-0.28276974	102.12398339186049
7.33678	-0.27001458	103.68028972186568
4.72723	-0.26911062	105.69277728239248
2.4889	-0.27819043	111.17724217069062
-0.327944	-0.2930408	10.643035812058825
-3.30681	-0.33914417	89.74406633824968
-5.00862	-0.3694219	92.62427625257322
-5.76788	-0.40345675	93.00511296141961
-6.53926	-0.43999153	93.27154020228642
-6.05854	-0.47750586	92.11846922938948
106.925	-0.58140343	100.54375087496327
109.113	-0.65857714	100.60357333369507
105.14	-0.67037636	100.6376066602278
101.013	-0.8495223	100.84100605620434
94.1978	-0.8598464	100.91281115414377
74.2195	-0.7547546	101.01692026540029
60.1972	-0.6234489	101.03567509815223
52.9551	-0.46751672	100.88285706917415
41.1062	-0.4501149	101.09500559775734
20.2246	-0.32169574	101.59061405581073
12.1896	-0.28028268	102.29936154142611
9.18129	-0.2691242	102.93122252598864
2.92548	-0.2687556	109.18672096774404
0.0781107	-0.28040546	458.98467937466813
-1.50758	-0.29778963	80.24717989122364
-3.00335	-0.32045788	89.32998374290692
-5.27568	-0.39601916	92.49349890359667
-6.2376	-0.45048052	92.77798396859002
-6.90981	-0.48837978	92.93207844193765
-7.74876	-0.52596027	93.21232777578398
-6.8533	-0.57914895	91.5493446750622
111.448	-0.61089903	100.54814881344868
72.9225	-0.84819156	101.16313936099002
96.748	-0.8283735	100.85622106980279
118.099	-0.74539965	100.63116493895916
116.062	-0.6182274	100.53266798479511
92.9293	-0.45889682	100.49381676129798
82.0772	-0.4249887	100.51779030403634
68.211	-0.38849968	100.56955096284882
101.466	-0.3534624	100.34835531836438
46.4842	-0.3080874	100.66277659595944
37.8234	-0.28467745	100.75264415350325
25.6329	-0.28374046	101.10694066874807
16.1434	-0.3029738	101.8767712955105
10.7808	-0.32594413	103.02337443323395
7.83625	-0.3536294	104.5127401094585
5.10999	-0.40171212	107.86130562558823
2.89674	-0.4370895	115.08901210619953
0.796446	-0.4743076	159.55301195234568
-0.932436	-0.51247543	45.039076483282706
-3.2284	-0.55056125	82.94631424180285
-4.40932	-0.587614	86.67336288233153
-5.28457	-0.62251335	88.2201717709837
-6.44029	-0.654448	89.83822102732013
-7.49836	-0.68261904	90.89642161012759
-7.79863	-0.70648843	90.94086284653424
35.4024	-0.83379966	102.35521107799158
83.4281	-0.8169386	100.97921479918588
109.158	-0.46828586	100.42899706777335
89.7048	-0.47168344	100.52581318867121
74.3757	-0.45111173	100.6065298589373
65.3041	-0.40716463	100.62349152214857
55.9977	-0.3781399	100.67527683748061
39.5453	-0.36022097	100.91090943063772
26.4564	-0.36825305	101.3919267513065
21.4977	-0.38724285	101.8013242142258
17.0008	-0.4148274	102.4400461556671
13.1954	-0.4493013	103.40498743168372
6.8952	-0.55476385	108.04565222172016
4.22573	-0.62212473	114.72230077235405
2.10349	-0.66465276	131.59762054079505
0.0379705	-0.70342046	1952.5446822939089
-1.58337	-0.7373901	53.4290712355644
-2.97794	-0.77813584	73.86999889354901
-4.28437	-0.79825217	81.3682731448891
-5.54554	-0.81286377	85.3420253417072
-6.78711	-0.8229752	87.8744388015373
-7.13614	-0.82889587	88.38453196236428
-6.77656	-0.8311294	87.73522890936874
10.0337	-0.80268127	107.99985020573425
61.3434	-0.5273989	100.85974556993543
44.8292	-0.49340278	101.10063168700783
73.4544	-0.50254375	100.68415315416841
86.3124	-0.49228936	100.57035452317875
92.6159	-0.48239774	100.52085980543771
107.955	-0.4633947	100.42924751718708
106.575	-0.45130092	100.42345914860894
100.329	-0.442164	100.44071160837646
92.1543	-0.4378428	100.47511981275035
71.8639	-0.44440824	100.61839756373718
37.0681	-0.5899778	101.59160373688663
31.2248	-0.6320943	102.02433138832413
25.5633	-0.674627	102.63904631147655
20.61	-0.7545318	103.66099872880446
10.849	-0.8316688	107.66585727269187
8.033	-0.85310596	110.6200117746071
4.28377	-0.86888784	120.28325246665717
2.11086	-0.8791992	141.65123318916204
-0.564416	-0.8845051	-56.71155791503284
-2.24217	-0.7760218	65.38970345934851
-3.59133	-0.80360764	77.62367449527422
-5.3222	-0.8207943	84.57791640557483
-6.64109	-0.7991708	87.96626787172744
79.3467	-0.54425246	100.6859144370393
39.784	-0.56712765	101.42551584086009
25.713	-0.57576436	102.23919308164955
84.2285	-0.5666476	100.67275374506409
89.8203	-0.56866366	100.63311363717057
101.828	-0.5922319	100.58160008391525
89.1496	-0.6392041	100.71700372511258
73.1475	-0.67024904	100.91629918637521
66.0886	-0.7230224	101.09401993566422
54.1751	-0.75985175	101.4025878774739
46.1234	-0.7956441	101.72503073160448
30.8862	-0.8691395	102.81400340289642
20.7172	-0.9029406	104.35841126946147
11.8081	-0.91312367	107.73303159746368
8.80003	-0.90923923	110.33222432945001
109.1482566883101